1617105009603228569 -1.0479205050536224 0.32412654492587456 0.04369653232227716
1617105010602922677 -1.1187000945761114 -0.47822236637399534 0.1687595085538764
1617105011536557674 0.7708519409299446 -0.749996383251015 0.2502135176415381
1617105011603299140 0.8720897213016134 -0.7343055360215702 0.28119948049424204
1617105011669896125 0.9696261122645509 -0.7295515429964436 0.27882250000385134
1617105011736468553 1.0678083049961011 -0.7046546614834832 0.3106796504374737
1617105011803516387 1.1241760899695756 -0.6770378549748672 0.3389582636009855
1617105011836625099 1.1411004935744011 -0.6331345912764252 0.36266043242314844
1617105011903201818 1.2863737360815661 -0.6378042755170741 0.372001719737424
1617105011969893455 1.3703094945949243 -0.5878831102363313 0.40827303313662666
1617105012003294467 1.4038773138523477 -0.5292664429042784 0.4269260480956384
1617105012070230484 1.487391990409829 -0.5081348451901746 0.44075821309468505
1617105012169793128 1.5800057485876136 -0.4051410199423024 0.48124328032983044
1617105012269808530 1.673273148854625 -0.335022503565561 0.5047736794565078
1617105012303119421 1.6756594927773922 -0.3068882412896348 0.5214670784648021
1617105012336528062 1.6578832516119992 -0.24050402994621678 0.5296167197701412
1617105012436578989 1.7184820039147701 -0.1879238581958121 0.5487498432455529
1617105012469987154 1.6955063448783485 -0.15127825393952538 0.5618196339036944
1617105012503274202 1.6719023781727498 -0.08321860566213884 0.5714348159785337
1617105012603137016 1.6529815838140371 -0.030835109154911028 0.5777366594400642
1617105012636472463 1.6950751339873578 0.0010479887154197787 0.5802225884362138
1617105012669805288 1.731300190547913 0.05885003410446481 0.5960921376679692
1617105012736608028 1.7182457833704006 0.12803111177371346 0.6008429705677553
1617105012803245544 1.6593823491106208 0.15019191558451742 0.6011424009577759
1617105012869897842 1.6153152595050195 0.21642311064427325 0.6017583695529396
1617105012936876058 1.630313998424095 0.2760788471328508 0.6136953148358513
1617105012969772338 1.604064745152456 0.33654789498048776 0.6080772830059338
1617105013036464929 1.5118686467814118 0.37117974634397277 0.609015203004843
1617105013103074312 1.54359460647852 0.4325512435352661 0.6016828306351525
1617105013136446475 1.3953554119654883 0.47324528980915936 0.5997009764143092
1617105013203193426 1.3308071697522688 0.5009959771418748 0.5918678620008261
1617105013236588716 1.2655449059662858 0.5511181992360605 0.5826268608060003
1617105013336464405 1.1708546503891184 0.5716724135317917 0.57753887739516
1617105013369795322 1.1913582815054649 0.631149837476545 0.5612097394927918
1617105013403648138 1.085862651266703 0.6755820681441761 0.5548537684970503
1617105013503147602 0.903308149969829 0.7208197955025821 0.541699056781946
1617105013536521673 0.9006482679854027 0.7449557406994776 0.5344732547338931
1617105013569803714 0.6501459200729474 0.7756193089100782 0.5215907167105862
1617105013636574745 0.5332723328571878 0.812211189448512 0.5096505494070187
1617105013736921548 0.2888029346904051 0.8051976869288844 0.502457843867774
1617105013769640684 1.1525163065418096 1.0042678424945566 0.4985174692270056
1617105013836476564 0.5249419707986376 0.9555090262707961 0.4936707305347787
1617105013869848489 0.919572249850654 1.083364494582313 0.4784527528056597
1617105013969944477 0.7692438140210212 1.1182794795843294 0.47119987221961923
1617105014003244638 0.703013112428613 1.1670864374090928 0.4656690963719562
1617105014069979429 0.6204240495111226 1.1752144024925517 0.4576229394951064
1617105014136476993 0.49637677753949694 1.211299567254194 0.44479049083514
1617105014203148603 0.308981277845525 1.2168263212733654 0.4471189924152043
1617105014236512660 0.19741561337411495 1.2460277280083571 0.4354408454206226
1617105014303221225 0.040927051115903446 1.2316023554083706 0.43084376097201765
1617105014369801044 -0.1003938360703378 1.2477300897110768 0.41856415738746844
1617105014403388738 -0.1104441584363367 1.2824303956040763 0.4050618970643458
1617105014469932794 -0.15803975972203466 1.305728088022274 0.3991374361830669
1617105014536512851 -0.1447761814008972 1.3164438902207003 0.387626033529923
1617105014603199481 -0.24039628909257438 1.3107889315543317 0.38202250928704284
1617105014636793375 -0.20959816257198538 1.3357250365547422 0.372432650379688
1617105014736538410 -0.31932565951705305 1.3005644259475906 0.36564165197226484
1617105014769884109 -0.28062244329709785 1.322348114741011 0.3460643568403324
1617105014803269624 -0.3092687862776127 1.3079946762004218 0.3287234360873428
1617105014903228998 -0.2500890346957996 1.304533635354031 0.3154654280229571
1617105014936601638 -0.24769450346427213 1.2954049643860828 0.3066000637992091
1617105014969895362 -0.15895358566389461 1.3099433767290298 0.28583217968597135
1617105015069934368 0.014253868361888689 1.323115881005487 0.25859656959000155
1617105015736613273 0.09501174308974347 1.0040168570311823 0.23869975438693855
1617105015803239107 0.17196951733806687 0.9843785062529666 0.24770242542568138
1617105015903292417 0.3326219533089181 0.9486638006722679 0.24914231228734454
1617105015969869613 0.5848144201432688 0.9713047182567571 0.2481652412329483
1617105016036726474 0.8723515316546755 0.978835422969738 0.2568987419364349
1617105016069999217 0.26557774412489144 0.8404536546604922 0.2913138314504219
1617105016136461019 0.421799128730989 0.8326755893041606 0.2937240665598899
1617105016203321695 0.49440735388357426 0.818553659442407 0.31316175671947033
1617105016236570358 0.49803675247953594 0.7966803240636469 0.3288428526609318
1617105016303282022 0.8314264773070179 0.8034437304017907 0.33379844611574117
1617105016370021820 0.8823161903469825 0.8086752283846281 0.33806999377171654
1617105016436558246 0.9160036653053711 0.7842393680332309 0.350122987435877
1617105016503249168 1.0983718066871062 0.7695760740307211 0.3605726714050899
1617105016536625146 1.0677746781056805 0.7570665986140734 0.3686734965639863
1617105016636620044 1.1600754647266487 0.7359204939187101 0.3880045526101423
1617105016703178167 1.299419171735407 0.7418036390742242 0.3982072061687696
1617105016769703149 1.2349745528449616 0.7241230759140089 0.4021654257009908
1617105016836565256 1.2792991464289964 0.714843247670258 0.4124327908419965
1617105016869872093 1.2795783562554877 0.711771889534242 0.40932968048438356
1617105016936748743 1.3322448698434814 0.6983596778414671 0.4149790600522185
1617105016970012664 1.3333641864041268 0.6875078288594529 0.4212314182750582
1617105017069899559 1.3106052782826372 0.6837541093992834 0.41988305084265554
1617105017102919816 1.3528253525236642 0.6736662702362259 0.42891012606559803
1617105017136160850 1.3162627855641769 0.6671277392004955 0.42763358292547166
1617105017203031539 1.326025490537162 0.6586512377357081 0.4212994161897887
1617105017303179502 1.265110449690623 0.6546495866226594 0.4187724191539379
1617105017336609125 1.2490611781997072 0.6531832501217267 0.40814414841035085
1617105017369994401 1.2705825351412536 0.6489601983920963 0.41252911684882504
1617105017437266588 1.288612047193126 0.6490333013270956 0.40922447486540414
1617105017503168821 1.178244506688976 0.6467131078246436 0.3998707690730911
1617105017536929368 1.0880147974133032 0.632497234497885 0.3906583859909122
1617105017603847503 1.0649626350662031 0.6304185160938189 0.3821059266841201
1617105017670000076 1.0079125496317176 0.6282124169280403 0.38164062759401607
1617105017736768484 0.9575971072940761 0.6149200260142877 0.3665446335264743
1617105017769991397 0.8755556071276689 0.6190580343775338 0.3525533659289932
1617105017836452722 0.7602194307161354 0.6057294080918716 0.3511856938754529
1617105017903140068 0.7345350641937203 0.6089494280780137 0.34073357932862774
1617105017969884634 0.5791587231753472 0.6013691387147073 0.3289400743413114
1617105018003460407 0.5991052712066796 0.6072757429053777 0.3107979315443019
1617105018069972991 0.4472381083788437 0.5890415008451819 0.31613619705259033
1617105018136759996 0.3984877262232973 0.5857737650193031 0.2946683287179734
1617105018169920921 0.217111700414653 0.5811096365552675 0.2983135414836192
1617105018236972093 0.11462077671312842 0.5784170966316665 0.29413275983209025
1617105018336555719 -0.03319748257854327 0.5696532987455062 0.2982413171362963
1617105018369916200 -0.1437395900250258 0.5585998525869609 0.29860753890930203
1617105018436736583 -0.22044191589982765 0.5619672455250112 0.30097590976828836
1617105018470049858 -0.3127982176114794 0.5610673101866022 0.304107846144628
1617105018536719560 -0.45824618185880395 0.570535491199692 0.3169761142975383
1617105018603282690 -0.6634106862112068 0.5532881346119009 0.32601911426492464
1617105018669904947 -0.7415543406992477 0.5538449236333103 0.3380013988138927
1617105018703172922 -0.4626708296145643 0.6164615123872488 0.3429621093573897
1617105018769881010 -0.6157994975913241 0.6129631876524707 0.3653358511316886
1617105018836600780 -0.8949694016524035 0.5764927654583174 0.3849883774739774
1617105018903264522 -0.9702125042617342 0.5684243551944703 0.39942475742073713
1617105018936562776 -1.0968130626685815 0.5416945342598944 0.40160054797031297
1617105019003283500 -1.0959622804726021 0.5359006443412397 0.40663929711356145
1617105019069995403 -1.1589890766562045 0.5246878411145643 0.41052177703477244
1617105019136852264 -1.2253931769088022 0.5003336904822564 0.4183847451257831
1617105019203186511 -1.1976695799953232 0.4776027548815416 0.41704270876553196
1617105019236588001 -1.2138688312952914 0.42815844608566217 0.41493227647815095
1617105019336625576 -1.1666784645187658 0.41602648778917073 0.41150900005428864
1617105019369978904 -1.177049697726067 0.37991982125000323 0.40353763930668884
1617105019436744689 -1.0622364260617672 0.33364962856314184 0.38967354972491997
1617105019469943761 -1.001972432442758 0.2724111645886335 0.37578903067285196
1617105019536891460 -0.9233216605480745 0.23105899387653292 0.3634180080739309
1617105019636625766 -1.4201807605621921 0.18005666951393848 0.36534913393929414
1617105020570013999 0.16885292935852325 -0.7430968747056816 0.25518854364893845
1617105020603256464 0.26777583341975086 -0.8053421874891584 0.28122846030895965
1617105020669930934 0.4238321976635677 -0.840677832218836 0.3027095224868296
1617105020736609458 0.4898223892728555 -0.8587781191636052 0.3120092511282968
1617105020769954204 0.6900388583012087 -0.8907137529632982 0.3502143210989004
1617105020869975328 0.9188892000270488 -0.9293238365876331 0.3789055296211624
1617105020903323173 0.9233342196029919 -0.9115685210041828 0.4048143583492263
1617105020970234632 1.0399607964795474 -0.9141396281227454 0.4535243706891864
1617105021036614418 1.1443170701160672 -0.8948402167007581 0.501491000093931
1617105021069947957 1.2206753766497989 -0.9002870001054162 0.5218872068740936
1617105021136665582 1.2542511319975387 -0.8579698198991788 0.5654147944471062
1617105021170005321 1.425514396475751 -0.8524236349099898 0.6131829731747227
1617105021269984483 1.4370788164928823 -0.8259092697124404 0.6342515136277604
1617105021303209066 1.4888857507037128 -0.8082101403431257 0.6438984278612624
1617105021369937658 1.6139414969330068 -0.7947269069725977 0.6545095977390774
1617105021403254032 1.7029341311277562 -0.785233839210363 0.6541194405713268
1617105021469979763 1.782961176694171 -0.7802492777954306 0.6533356547387124
1617105021536530017 1.7911708829578132 -0.7458824153341082 0.6365768419298504
1617105021603644609 1.88392837017108 -0.7332165630233431 0.6150600001829621
1617105021636361360 1.9009765354452433 -0.699461531290889 0.5825223008120879
1617105021703584909 1.989178027154336 -0.6986754651873335 0.577179792398386
1617105021770015001 1.9789781116704899 -0.6619992190738553 0.5330424574653978
1617105021803148984 2.0794213806299733 -0.6387640668678101 0.49656627406319404
1617105021903151035 2.04120545071905 -0.6157910680756058 0.46974802575793323
1617105021936643123 2.014882186687523 -0.5680632215763004 0.41668548748938966
1617105021969955921 2.0313370307932526 -0.5435285243690484 0.36510107836106614
1617105022069989681 2.0334115915605735 -0.524262999001686 0.35264446360855933
1617105022103539228 2.0577817612029388 -0.473694483018199 0.2915920995992798
1617105022170007705 2.1128049901343453 -0.43115751390280815 0.2396108095116534
1617105022203301429 2.017612146764446 -0.3914466859799571 0.225544145372971
1617105022270056724 2.0363505456093507 -0.3257903909086411 0.19637115587902293
1617105022336988925 2.0710800020636895 -0.3394475934240005 0.23763060692591398
1617105022370037794 2.021656057453741 -0.3263154865982984 0.2855852617022732
1617105022436727523 1.9660866085146265 -0.31281676743417114 0.3030955368861906
1617105022503381252 1.9458313485695853 -0.29538956607785277 0.3631091957116497
1617105022569699048 1.962353846012903 -0.272182101304272 0.40839077140433444
1617105022603422403 1.9288757794082971 -0.2661265807685817 0.426172798190681
1617105022670066356 1.9211007891154295 -0.25160746759962327 0.4749757501743844
1617105022736643552 1.8441492271309605 -0.23218720296998296 0.5127060889077342
1617105022769987583 1.860644078564515 -0.21958150553905387 0.5524547319946345
1617105022836398124 1.8295225703753046 -0.2020112338261425 0.5674343256222818
1617105022903393507 1.79035119945851 -0.19600915189395973 0.5923014099706735
1617105022936853647 1.7978409788148553 -0.17775513946358662 0.6214331417259009
1617105023003368616 1.7779858777834936 -0.16802348876510337 0.6361929490925801
1617105023070006608 1.728020689703396 -0.14814266442244295 0.6684069301721418
1617105023103419065 1.6416667939514098 -0.12324154174979052 0.6836139976922618
1617105023170057058 1.6257528513422153 -0.11906939488859569 0.6863098880406202
1617105023236732959 1.5987071338545653 -0.09293906004776442 0.7181561435993686
1617105023270224332 1.5554344549081258 -0.06795355595234714 0.7260063778658262
1617105023336719989 1.5335307965459068 -0.0458310372035369 0.742865412899202
1617105023403406620 1.4042336002303046 -0.02144141736431185 0.7427563210873016
1617105023436749935 1.4205053777873586 0.008191006774291049 0.7579158323786191
1617105023503477334 1.3182747381558664 0.04270423028388862 0.7586608067237797
1617105023570033311 1.2845341449203942 0.05134432464153035 0.7568050374760529
1617105023636724472 1.2410511135214706 0.08011104900261262 0.7574905222875343
1617105023670141220 1.1716219653151971 0.11484583311629261 0.7551484211220947
1617105023736747741 1.0601879265075334 0.14744846196040137 0.7474352258002762
1617105023803498268 0.9882612752803666 0.15523432975278223 0.744899717550022
1617105023836696624 0.9754227416893557 0.18448931000039165 0.7427226080519318
1617105023903586864 0.889898008694074 0.22456500958493714 0.7279292699750199
1617105023970191717 0.7543154517197128 0.23724870962085323 0.7137051309856417
1617105024036853790 0.6408233615335344 0.2589810501976166 0.6942009888455387
1617105024103536128 0.5630499606642947 0.2883840981120588 0.6743442938261084
1617105024136845111 0.3610931321149482 0.29883318430402617 0.6613290770399249
1617105024170064926 0.3612360075963701 0.3269262320225373 0.6370766870298767
1617105024236904621 0.16240636324246394 0.3420357075584316 0.6098534733819454
1617105024303387403 0.04004023138939505 0.35727130232402415 0.5962220571442818
1617105024369971513 -0.004332009887245913 0.3786501601541431 0.5714511227136008
1617105024403245925 -0.07902143893930536 0.40007796219705705 0.5454594054127045
1617105024469979286 0.481813853584939 0.47413378508406345 0.5288831938574005
1617105024536603450 0.3916277865062878 0.4771218532958769 0.5083922161339232
1617105024603320837 0.13321231786634113 0.4895785125414885 0.4795000011964229
1617105024670181274 0.1312628457303311 0.5135970343567817 0.4480782740271421
1617105024736554145 -0.058332948645920535 0.5106947687001675 0.4272147690753684
1617105024769978284 -0.134916051509812 0.5301240863331236 0.3919280820498735
1617105024836413621 -0.2608538459408738 0.546889237039029 0.36285997120491154
1617105024869843482 -0.3391549973808581 0.5508119385960157 0.3213424508147964
1617105024936516761 -0.35586531018877654 0.5714180855851003 0.31140007372076517
1617105025003065586 -0.5227165855528986 0.5409802410190983 0.27318419155509677
1617105025736631155 -0.43938584109285905 0.45945329426806275 0.1541283837192608
1617105025969846963 -0.11644203910849527 0.3945354698344897 0.24858179530916982
1617105026070060014 -0.004011038027327274 0.3903474467812208 0.26424794666357365
1617105026103193759 0.0857252146850711 0.366480063220693 0.2918047784202683
1617105026136521577 0.29846296726120647 0.3524551646865539 0.31004287593075264
1617105026203300952 0.4534482639251105 0.33008345743374623 0.33808952380491486
1617105026269910097 -0.12823828341848165 0.2920689937836344 0.36011870500498605
1617105026303272247 -0.00911695957457237 0.27108218200784584 0.3788408938016633
1617105026369948625 0.06575144103047093 0.2430998520040012 0.3925554233068072
1617105026436543703 0.23915603387712858 0.23343366897982054 0.40532044761443164
1617105026503234863 0.29054126619177856 0.2165118422779682 0.41959218182468017
1617105026569938659 0.34186798430693566 0.19026456922199358 0.43804437791478534
1617105026603291749 0.47593989393681335 0.16830133852261975 0.4501505042947168
1617105026669973611 0.52192720192684 0.160231707795099 0.4539170863472857
1617105026769860267 0.6498342119864859 0.1419493806966727 0.46163087601836056
1617105026803182601 0.6906355287106138 0.12236342196045864 0.47667893501567166
1617105026836607217 0.692280219584855 0.09896326774901608 0.4794318580856552
1617105026936520338 0.7732145111929243 0.09474564003657165 0.4809963595273871
1617105026969872951 0.787058117494523 0.08747733808408491 0.48804608788083137
1617105027003178834 0.9097622728306125 0.07211073415708924 0.48851551817305644
1617105027069911479 0.92541993829354 0.05731529708091364 0.48713078060812137
1617105027169909238 0.9134599327094954 0.05905857820551853 0.487088583592346
1617105027203197002 0.900339893974222 0.05363747768153998 0.47841923101410394
1617105027236598014 0.9692837780120196 0.05037620373099999 0.4741663292073435
1617105027303300857 0.9921583959600064 0.04537750587312003 0.47272128567952526
1617105027369941234 0.9690014559266147 0.04018043070951058 0.46396284650645137
1617105027403209447 1.0059997714834101 0.040593097410970114 0.45216833867359146
1617105027503115415 0.9110470743467309 0.04471519891601383 0.4453095480206093
1617105027536575555 0.902068554745878 0.047841489789138464 0.43529150033144737
1617105027569917201 0.8968917661618643 0.04654692529365001 0.41953102172755175
1617105027636531114 0.829977875946986 0.05406191794689999 0.4117332061127528
1617105027702913284 0.7700762177458462 0.06124045668563312 0.40687278266890786
1617105027736658573 0.8050019106785906 0.06458440229728246 0.39513320324941814
1617105027836598157 0.8090893252778648 0.07435496223884486 0.3866084123067808
1617105027869950294 0.7401068556052128 0.08006124613746743 0.38226425412616927
1617105027903196096 0.6751948136356636 0.08693110023673316 0.380743356238464
1617105028002955436 0.6962402707250575 0.09201158552089998 0.3775825566492722
1617105028036635398 0.6963806863019548 0.10302085798714618 0.37482676582405783
1617105028069930315 0.585442777148105 0.11561465601178297 0.37039153749168285
1617105028169944763 0.44651531007360257 0.12150206223164017 0.3721540594435825
1617105028203520059 0.525631926157843 0.1323757717434216 0.3703852458633843
1617105028269899845 0.382897482310804 0.14930005745155783 0.3774260314464938
1617105028303201198 0.3829243195707064 0.15828247514288363 0.37614222558184623
1617105028369877338 0.2759856224823891 0.16758084534006135 0.37846942340962675
1617105028403258085 0.22811999506856706 0.178856716005677 0.384459757020415
1617105028469897985 0.10515582931383127 0.1908963753470256 0.3881899430570581
1617105028537187814 0.08725085991070136 0.19801957179472396 0.39452924280875423
1617105028603792428 -0.04978712305026445 0.21356766623821286 0.3994126991360737
1617105028636619567 -0.06563561218575886 0.22147894568889692 0.41349823917233297
1617105028703211784 -0.1486565955006971 0.2250880944884715 0.4158371759477518
1617105028769940376 -0.24670156034132518 0.23926157311883378 0.4292964032767188
1617105028803378582 0.4662656243979142 0.2507326927258752 0.4318817180380875
1617105028870009422 0.20015178498441566 0.25996845805455515 0.44524872945196525
1617105028936536312 -0.02675998065548013 0.25441363128940175 0.4500925793982975
1617105028969858884 -0.02702781051411307 0.2695048563825806 0.46635153279185565
1617105029036662817 -0.12896794921783217 0.2649052638159026 0.4822797877242426
1617105029103339195 -0.1451008109631271 0.2690494005817276 0.4901105490020408
1617105029170222520 -0.18210493893640312 0.265948552254908 0.49994997612336267
1617105029236547946 -0.14701420129996068 0.2577488177919682 0.5103604001909781
1617105029269894599 -0.14697670486265402 0.24874504685260238 0.521616477206493
1617105029336524009 -0.11688196526803951 0.233408622524772 0.5322377934564811
1617105029370011568 -0.1629747140916713 0.21483009758098404 0.5482975834672371
1617105029436277866 -0.07806438258174442 0.21217696880232512 0.5546467289399007
1617105029502799987 -0.02924352904540628 0.19517583661991214 0.5673255427936608
1617105029569795370 0.10454689008999951 0.17048786588811424 0.5778660939677548
1617105029603341579 0.18505672963466901 0.13601602550911698 0.5885890802404737
1617105029669942378 -0.2679797746354775 0.13323136866724491 0.580981150342502
1617105029736623525 -0.1492210247168262 0.10134237075952325 0.6048284508432293
1617105029803342819 -0.014404151743208082 0.07057726617372653 0.6201213395247144
1617105029836483240 0.012188233754681477 0.04520272331773917 0.6363888890370785
1617105029903224945 0.041521990522000785 0.032383179517785604 0.6423535937865208
1617105029969945669 0.06981676836085748 0.008720155647198108 0.6602425000761973
1617105030003231763 0.14921355572110118 -0.006816703031784943 0.6822242372789926
1617105030069926977 0.17364672216004573 -0.018924343213195416 0.7018098394910135
1617105030136683225 0.2440132743437915 -0.02109346356343969 0.7144780535507349
1617105030203291416 0.2993598091954621 -0.01495135309426196 0.7328201820901917
1617105030236561059 0.2726548150490804 -0.002466601888331893 0.7511674238175313
1617105030336642026 0.37002924406118654 0.0022614458756590183 0.767917145605054
1617105030369941473 0.37860608018241537 0.014726378711221066 0.7813308210549463
1617105030404164314 0.37806930478362455 0.049355171926076025 0.8043641701740785
1617105030470068693 0.39893860094241385 0.08092216197217585 0.8175758595864338
1617105030536548614 0.3917440175059057 0.0952312202523352 0.8234274673095772
1617105030603269577 0.3709042421060684 0.12763131841827546 0.8268418272982454
1617105030636634111 0.40983131697633857 0.16072945722094525 0.8326540396886359
1617105030703090667 0.2854786814046357 0.19765449552064 0.8197541519019317
1617105030803113460 0.34517211031590067 0.21444045822071336 0.8247068574380965
1617105030836544990 0.3455821417084217 0.25515158067655647 0.8132918031716105
1617105030903320074 0.3138152790444608 0.2937359162030859 0.7981145251177783
1617105030936547756 0.31391266687742414 0.33035673034671265 0.7817069977331763
1617105031003144741 0.23304808786432885 0.3497872605599992 0.7658585585992985
1617105031069905519 0.1589786984510133 0.3881307535687295 0.7374792311175594
1617105031103231668 0.15818375520316286 0.431879339676659 0.7106672557359848
1617105031169689893 0.024400264091414048 0.4424616546096909 0.6863197486629051
1617105031269976854 -0.12638534378843858 0.515067386355328 0.6124329723183868
1617105031369854927 0.6187054616854231 0.6321323200006619 0.601086114342337
1617105031403277873 -0.20485135229278528 0.5724393662909503 0.5662690970140076
1617105031469936132 0.5584945107530701 0.6995981797540667 0.5392549003110698
1617105031503267765 0.13510040846612492 0.6796129969361239 0.5206272271716068
1617105031569594144 0.07797700471470081 0.7107523104453035 0.48652584891716716
1617105031602741718 -0.3100930069755692 0.6992128441547827 0.45153764290895865
1617105031669965982 -0.36472446639754885 0.706227842313303 0.4433300284559365
1617105031736542940 -0.3517580631582051 0.750727212237239 0.40809995179174824
1617105031769583940 -0.4053609692545481 0.7767843642345342 0.3775665200628229
1617105031836653232 -0.46890087977020967 0.8061875445251321 0.33186273222330676
1617105031936570167 -0.46037456362470364 0.8211503256428212 0.3098436723541359
1617105032736798524 -1.204112579497865 0.90512838075434 0.13087162113718798
1617105033836808443 -1.6031184573757256 0.44174950005493446 0.027509327858083632
1617105033903524398 -1.6480641838215577 0.43465674068690696 0.034698522828489786
1617105033936657667 -1.6487769147604348 0.43661340774649293 0.03211954245734777
1617105034037003278 -1.6240613271146835 0.43527711621379955 0.026689299962675883
1617105039203374147 -0.09500935134386479 0.1823686499387484 0.46185096295618355
1617105039369919061 -0.005247800987680851 0.1660757797385163 0.33788016059023973
