1617105009603262662 0.5465244398155795 0.10919777169201497 9.812059813177793
1617105010602935314 0.5865935335005785 0.23294841955159082 9.63914136671109
1617105011536611080 0.5304771587094418 -0.5495016101812691 10.308187594547867
1617105011603331565 0.9270825216449428 0.37386835964047543 9.891880528507746
1617105011669929742 0.5788005839755683 0.46651647481971525 9.105424237298351
1617105011736501693 0.8639222882919251 0.5712014685061362 9.94793558274144
1617105011803550243 1.4324507790287428 0.7342734489130801 9.77444592204754
1617105011836657047 0.051856207129987474 0.33271045516223624 9.669034729756953
1617105011903234720 0.6338248318112399 0.14905317827447753 10.067643925566113
1617105011969925642 0.45829625739067315 -0.07423390715076134 9.661470562792928
1617105012003327846 0.3881371702927499 -0.02295623667143861 9.840611096863658
1617105012070263624 0.7135692682257925 0.7213379784790839 10.592677625126045
1617105012169825315 0.4126735418365908 0.38573250801972614 10.244754241934695
1617105012269840955 0.36820035096022324 -0.24076477480072456 8.505330491294854
1617105012303151130 0.10851222788651714 0.37939308699945296 10.126851569477493
1617105012336559057 0.2101114273835813 -0.3304744997376566 9.715295661760118
1617105012436610460 0.12212806656436423 0.03167903460709681 9.924514530732795
1617105012470019340 0.21885177773833375 0.24461620338353546 9.258540445372567
1617105012503308296 -0.4694665352110372 -0.16503489596257628 9.410340868615377
1617105012603170633 -0.20890650655782483 0.17646848807311327 9.538962981613336
1617105012636507987 0.6059413227181792 0.40418246057624696 10.311993897274718
1617105012669836759 -0.4157608511752145 -0.46122677618323227 9.66166297643669
1617105012736640691 0.1792562521987255 0.08104539241420496 10.170628524176003
1617105012803278446 -0.23641548971949594 -0.18084444508587305 9.113387963861399
1617105012869930505 0.2664333479573961 0.0695525738232607 8.887626611596842
1617105012936907529 0.6516755311771104 0.2701439557806615 9.874655939405903
1617105012969804525 -0.4032139040175951 0.5377891279144573 9.796033557015013
1617105013036499977 -0.1676634189889305 -0.4962628658793076 9.283059761913826
1617105013103122949 -0.42971338263025904 0.2992782872551441 9.878481971633024
1617105013136477708 -0.39704033330136024 -0.24731028376746061 9.718227400159424
1617105013203225612 0.5210675987485933 0.2711988075994809 8.644372948066657
1617105013236619472 -1.0947538399710282 -0.028109652934532436 9.418641645229286
1617105013336496353 -0.4597701519407564 -0.9830315832760365 9.979698320972608
1617105013369828939 -0.268537657761539 1.0791130206736799 10.3479399245725
1617105013403698921 -0.2603836138798887 0.3685526461525691 9.795007616841426
1617105013503178358 0.10629950772187696 0.07343786128993655 10.245084010301145
1617105013536552667 1.0968251117667251 1.0785970624888848 10.11978192332913
1617105013569835186 -0.756645398064094 -0.7792385722631859 9.776615385298376
1617105013636606931 -0.4535977351652537 -0.6601089170226648 9.86176158673716
1617105013736952066 0.5153056876916643 0.47112704839202263 10.56875486899803
1617105013769673109 -0.5167831959764307 0.188328380128371 10.083523398016265
1617105013836507558 0.08298569628747689 0.8061939083961976 10.80533034193593
1617105013869879722 -0.23320785590700477 0.7967483560913049 10.027120403270391
1617105013969976425 -0.30024501412937044 0.19266800406638993 9.828792171721767
1617105014003277540 -0.39887612421108076 0.5090794564531976 9.599253359943518
1617105014070012331 -0.3042162018753483 -0.30895661269184826 8.811959812426709
1617105014136510133 0.39640935708670894 0.9945093130652748 10.848647138770511
1617105014203180074 -0.33708426608727116 -0.507902344688423 9.51549941089025
1617105014236545801 0.28146381032718604 1.0879386739271661 9.447311946377244
1617105014303254604 -0.4842775558613556 -0.36764129613173996 8.506412349606343
1617105014369834184 0.15554787406183168 0.25755800869802825 9.638494950665047
1617105014403421401 0.5237328397321723 0.16881988898097364 10.119003490888668
1617105014469965934 0.6255631550697702 0.5365843151060191 9.692953835060129
1617105014536545991 0.13785079921376922 -0.12894711576185816 9.685157338459025
1617105014603233098 1.298202423868909 0.37995995859177245 10.320049433824327
1617105014636826038 -0.32492510353695586 -0.7086284452072468 8.8446961049638
1617105014736573457 -0.6619648450173901 -0.7754158751174347 9.448048988606656
1617105014769917011 1.0194547490825585 -0.7084125167858003 10.798209595255086
1617105014803302288 -0.1111662752450527 -0.6799573891474252 10.112518602014847
1617105014903260707 0.9824400670067535 -0.06681908622354105 11.08042866725741
1617105014936634540 0.4379583860375311 -0.5046447111987901 10.593893335911778
1617105014969929456 0.7204039209301484 0.7731451292792102 10.164990114802077
1617105015069966316 0.06432897883294052 -0.993473800312135 10.638785205796808
1617105015736647844 1.6156919372261511 0.012129289293840589 10.227577337818769
1617105015803271532 0.790028595921848 -0.7723681945068808 10.527932688630596
1617105015903331279 1.8079871813380126 -0.31428424347195905 10.508125805519667
1617105015969920873 0.0075110324919022906 0.21230674137542363 9.937618162114395
1617105016036758184 1.7375146619660933 0.8675651815656056 10.59765896708423
1617105016070032119 0.09321084273757874 -1.4895261869712133 10.170697601169154
1617105016136494636 -0.6062155216019599 -0.5591790072334546 9.470299286772049
1617105016203353881 0.6333036680908074 0.6072109372180091 9.815204596200864
1617105016236604213 1.2936335600889508 0.33837941099841384 9.758468212639269
1617105016303315401 1.6401500526892872 0.3604852865985442 10.23983364101335
1617105016370054244 1.532460714940161 0.1697621315454552 10.293209405839717
1617105016436590433 -0.10544005299174972 -0.49672145331476447 9.989284431721183
1617105016503282070 0.8688840061961404 -0.05072867138097339 9.605275163272953
1617105016536657094 0.45884788164629925 -0.110415640534831 10.35602654904948
1617105016636675834 0.17707634589820792 -0.22103006599389655 9.735628093190854
1617105016703233957 0.5482246246421901 0.7364550702639716 9.445035193139297
1617105016769761085 0.3635215623467784 0.836796517557121 9.97237504542671
1617105016836620330 -0.07648785507168901 -0.22295370610828305 9.479275128820753
1617105016869929552 -0.3161447735673412 -0.2697090443877526 10.175489366279452
1617105016936806201 -0.2784976051876579 -0.5914669073210251 9.775032420250097
1617105016970068693 0.5580245997851596 0.13058302449718806 10.04353398019492
1617105017069923639 0.2324366070172399 0.511649512284316 9.426392079100072
1617105017102931022 -0.4440122308030359 -0.46601412531791464 9.46854021429443
1617105017136166810 0.6746360191984577 1.0237153345285188 10.070889806883528
1617105017203052282 0.18500002214886863 -0.053697233442696786 10.529142008831162
1617105017303212642 -0.4909207616828589 0.2645116792303486 10.084154093274286
1617105017336641788 0.28067508765419313 -0.060931936710252224 9.842163575604069
1617105017370028972 0.04332330392631669 0.8067897611711073 9.713181835176819
1617105017437301397 0.14839389879386436 0.5740667352192205 10.346581913166847
1617105017503199815 -0.08836070969962616 0.26325814029333466 8.998814613316057
1617105017536964416 -0.3391038775444031 -0.6367078423500049 10.091597557067871
1617105017603883028 -0.030847199261188507 -0.2180959284305561 9.372520446777344
1617105017670032978 -0.9842606274686729 -0.8586415547200634 9.573698789846107
1617105017736800193 -0.025593780640287923 0.11191108410969859 9.02044539349982
1617105017770023584 0.21237322461057356 0.11378919630658234 9.899988992656505
1617105017836484909 -0.08250138622686601 -0.7891034484933946 10.05503106846791
1617105017903172254 -1.4464229686601369 0.40054082295491794 11.462461146386289
1617105017969915866 0.031755861206333905 -0.7479279785332016 9.41759173384109
1617105018003491163 0.9513164524193736 -0.3438607847397781 9.766924179855364
1617105018070004224 -1.6780954834920387 0.8423287849458844 10.240948099119285
1617105018136790752 0.8540658824601158 0.24076366900872856 10.29248028334905
1617105018169971942 -0.6915037056159666 -0.693369908184375 10.716325274486735
1617105018237068653 -0.30087086493226034 0.07513393799366108 11.072024141223478
1617105018336589097 0.5699154882402306 1.3899057167740525 11.101023253776319
1617105018369948625 -0.6025430296284473 -0.42611884012601714 9.631654988934503
1617105018436771631 -0.8037923189234105 -0.2342370359745198 10.701131908554608
1617105018470080852 -0.20541959561978773 -0.14057343861416716 8.910475695315476
1617105018536753654 -0.25312956986607754 -0.7139962782993426 9.317786386555136
1617105018603313922 0.4100083025222763 0.545796466785721 9.478306430235625
1617105018669937372 -0.23262418319655698 0.03478462308554473 9.626864129459582
1617105018703204154 -0.1465077637448085 0.12355399987201524 9.608272576120926
1617105018769913434 0.1113951827844549 0.23389195275912783 9.349267516707693
1617105018836632251 0.4069862655656379 -0.6634678478760138 9.78872054268368
1617105018903318166 0.3424137588038727 -0.40860313637137136 8.6296345940026
1617105018936596393 0.12146594205932912 0.010789465515550689 8.692163782193928
1617105019003315210 0.5786359053282373 0.00920461237510688 8.92168110819318
1617105019070028781 0.12563443184934578 -0.028669018014038136 8.568873917019035
1617105019136883974 0.5821975884111865 0.15480173396907182 9.019372609116072
1617105019203218936 0.598478095626446 -0.21122160631238138 9.062807810438768
1617105019236621379 0.2779958062527842 -0.2852536071320921 8.657059691793922
1617105019336659431 -0.11364078062202283 -0.4278537990708766 9.033932303933192
1617105019370011091 0.5525615190746266 -0.7090887496293431 9.764016762209867
1617105019436778068 1.0519084650742163 -0.20642931153085128 9.646340935507396
1617105019469976902 -0.08069833849520683 -0.10106897112954347 9.111433742691029
1617105019536923646 1.4510711475085785 -0.1227870598793924 10.41536536511511
1617105019636658191 1.7726829375661235 0.7811503098278797 10.11433303535193
1617105020570046424 -0.49784351873370725 -1.5190006505845486 10.733847404533313
1617105020603306293 2.208800058889567 1.5639752935408548 11.094200440024713
1617105020669963121 -1.247685912541973 0.16203766344662213 10.48054707710417
1617105020736641645 1.9924566951147125 -0.41763766923832696 11.3169361810673
1617105020769987583 0.05906374828819519 -0.11992341009677777 11.037346818712596
1617105020870008468 0.832079224272012 0.5193593609609262 7.957151528324689
1617105020903354644 0.1275198547344819 0.3693431594993481 7.791601623266658
1617105020970268011 0.9057310179838538 0.20019818139955747 8.034825997847824
1617105021036647081 0.7966133522468446 -0.299699240794054 7.081072350124619
1617105021069979906 0.509555222449952 -0.01708070468248619 7.108362041998817
1617105021136698484 -0.1963312447719419 0.3931564482043115 8.35279641305961
1617105021170038223 1.08328489082138 -0.03828457789957546 7.735690092275312
1617105021270017862 0.26825619680706864 -0.15764079888349386 7.881470440009064
1617105021303241729 1.2342615208971675 0.07349181164736364 8.825647929273291
1617105021369969844 0.1275384805149462 -0.2927512922326929 8.140140575971303
1617105021403286218 0.47925480842635565 0.4721415868753507 8.60567496798596
1617105021470010995 0.7325938992878018 0.3237328366973097 9.374558083651396
1617105021536563634 0.090695459723527 -0.0928505253315422 8.874184640623717
1617105021603680610 0.24715492952543594 0.1821553151952497 8.869209827501843
1617105021636393308 0.211863256489987 0.26392399894229196 9.0837028563771
1617105021703617095 0.330571756550237 0.29331156037216033 9.105942194507074
1617105021770046949 -0.22795114054930424 -0.028937450374972105 10.083616024735054
1617105021803183078 0.048031605006115814 0.11577990706778073 10.093445296204745
1617105021903183698 0.4366916756047357 -0.13870692620173453 11.621785566317488
1617105021936675548 -0.49659281761198415 0.09154314163516958 11.473146235488645
1617105021969989538 0.4133278568660596 1.274439524259013 12.847569360862659
1617105022070022821 -0.3991106044881365 -0.9256122762859446 10.899715089723326
1617105022103571653 1.6216851130266134 0.9648996515391858 10.04383110109889
1617105022170039653 0.41294132116878385 0.12014657751752868 10.216861712618872
1617105022203333616 0.1537658530942906 0.7442944183517041 10.519140052841042
1617105022270088911 0.7387247499795002 0.4014096487686621 10.216019747839223
1617105022337023019 0.21260409135565875 0.21862469677246263 9.320252777779848
1617105022370070457 0.15192746812249916 -0.2279075231332831 9.29135596392757
1617105022436761140 0.21828396793437588 0.2396589449691846 9.24724161371944
1617105022503413438 -0.004262434226727266 0.2696684230334962 9.339811476023069
1617105022569712638 0.33983279831257845 0.13836669963254697 9.649819065054807
1617105022603455066 -0.019914472496213607 -0.01893333550929187 8.783972082912335
1617105022670099496 0.6592576076797667 0.37584366679823894 9.540918438948792
1617105022736677646 0.03384151222693061 0.24251454601838074 8.99877516936507
1617105022770020723 0.18379066418741258 -0.06695838608514286 9.77080407576777
1617105022836432456 -0.16926532753247248 0.08106038715265394 9.143131754825413
1617105022903475999 0.44285865144941783 0.23177352427311243 9.595316639561805
1617105022936915397 0.09091024840468834 0.6162645776223672 8.915678574311881
1617105023003401279 0.6805217149143296 0.19917567479831938 9.877227343867148
1617105023070040941 0.24615290322474448 0.38136597195631045 8.90330271568218
1617105023103451251 0.30264892695567247 0.5664859769393545 9.503712663761576
1617105023170090436 0.04541568229522371 0.13328103259905297 9.188902846447702
1617105023236765384 -0.43653008122587345 0.0319811944869755 9.078044626675672
1617105023270257949 0.5342749427103998 0.9458361805759595 9.69017182033296
1617105023336752176 0.36406399478080514 0.29214730140523604 9.075026781769772
1617105023403440237 -0.2593439589201194 0.2831384931455034 11.42885778085509
1617105023436783313 -0.5789805356514633 -0.09526400295438327 9.061341138033889
1617105023503540515 -0.11045468497938801 -0.29781330472457324 9.131969397188422
1617105023570064544 -0.5918636039819066 0.28345649476411744 8.817388801031123
1617105023636783599 -0.33453494539517126 -0.14341854706722296 9.029137208408681
1617105023670198440 -0.11927506899178092 0.6840324085811781 9.987644976312348
1617105023736804962 -0.011335045887340484 0.48002272818164626 9.826463510645954
1617105023803554058 -0.44488072055733235 0.3223450062205366 9.416946772272835
1617105023836755752 0.0673417030184695 0.10636995288015023 9.072847660137242
1617105023903644323 -0.41248872053514984 0.4193548360508956 9.444805020656627
1617105023970223665 -0.5926141149416404 0.0004930258560550209 9.558904417814619
1617105024036908626 0.024379400277435945 -0.8272167555725194 9.37705037179537
1617105024103567123 -1.1973958039247943 -0.21132761398446254 9.94219451110498
1617105024136876821 0.35947745704042355 0.13333988751069498 10.002750476371245
1617105024170095682 -0.9652620489054391 -0.2863359333141383 8.925056197036433
1617105024236935615 -0.603305129181076 -0.44182764214625175 8.958499792824943
1617105024303420305 -0.3671057763177218 0.13301266622766247 10.348789806965486
1617105024370005130 -0.6603378761499217 -0.4039511292282214 9.178244604841943
1617105024403281450 -0.5916055660387765 -0.1892470995002357 9.490983319515465
1617105024470011711 0.05492357773296629 -0.7990842366987027 9.285660392630346
1617105024536634922 0.3345014359830953 0.41891860335224057 9.12973652743981
1617105024603353738 -0.024235870316967376 -0.1022054011772877 9.207028440472508
1617105024670212268 -0.3349215213285525 0.1619536780052677 9.395869498948683
1617105024736587524 -0.09572075630092178 0.08113796078433068 9.531734642741354
1617105024770009994 0.47136193312551444 0.09652434917579344 9.730463747402485
1617105024836430311 0.4870606842692232 -0.04486833633143595 9.066238720376617
1617105024869860172 -0.21090611582540286 -0.4015151676375651 9.876731972103128
1617105024936534881 -0.025749366378989794 0.13085629556741663 10.278369248006326
1617105025003082275 0.0971538358546707 -0.5244610031256196 10.120843073762348
1617105025736663341 0.29642113294261957 0.13429787583587627 8.826070357673801
1617105025969879865 0.533365094498298 -0.4551096445973368 9.470933354284215
1617105026070156574 0.4882784872705882 0.04322452077123902 8.602432993740715
1617105026103224754 1.5602295801054225 0.1859473253142213 9.837518169769206
1617105026136553764 0.2756294647473886 0.5792566810488514 8.945394808655589
1617105026203334331 0.3504504127113776 0.059853813200409556 9.040478430256718
1617105026269942760 -0.7710243183181101 -0.7235516468401781 9.80894490515088
1617105026303305387 -0.2208118485551232 -0.6054289976633809 9.323512584885632
1617105026369979858 0.6086747161405621 -0.742122335542882 9.619969785902601
1617105026436576366 0.9861069399118987 0.4845017861342175 9.639668802509403
1617105026503266096 -0.4826488437193921 -0.6657324510424529 8.824725065891112
1617105026569971084 0.9141587438543043 0.6030227257230697 9.909158287732021
1617105026603324413 -0.01856600544821483 -0.10378782602050828 9.75080448613474
1617105026670006036 1.378757638972241 -0.26349951302344365 10.114004601032466
1617105026769891262 -0.3656194413911072 -0.6265436034096834 9.671330330828146
1617105026803214311 0.38683212699721625 0.4480842944928824 8.90002728911684
1617105026836638689 -0.36570890691692376 -0.4987005334733132 9.314439973472256
1617105026936553001 0.6980169970209726 0.3208790993097907 9.610190879344895
1617105026969906806 0.17425712611698593 -0.182913653971635 9.766359306890866
1617105027003211498 -0.21442018988273756 -0.11920123833137682 8.803652774133724
1617105027069961309 0.5933578723496493 0.2770883426060358 9.803613401948033
1617105027169963836 0.24803948898802752 0.10517458098434838 9.685954589038813
1617105027203229665 0.2969603524521171 -0.3067700661683449 10.073781885987273
1617105027236630439 -0.691687499660031 0.386915108241933 9.467034771630452
1617105027303334712 -0.3460114504443242 -0.3050295744711742 8.713798084259086
1617105027369974613 -0.4991388602233298 -0.28966985419204505 9.574178076396901
1617105027403244018 0.0640777418377147 0.045401185147253886 9.33897853893139
1617105027503147602 0.478224551084274 -0.12109248811971912 10.597330506883871
1617105027536607980 -0.2841630153945546 -0.36344715243456477 10.096731579909772
1617105027569948911 0.25359910238085337 0.19888222171776604 10.200213485473567
1617105027636563777 0.24248326289000388 0.35155045652368505 10.87654115181988
1617105027702920913 0.4397964365991383 0.4954291117119097 10.649788172800838
1617105027736692905 -0.017185274025401574 -0.705306067000249 10.055391699856116
1617105027836629152 0.46941952152196775 0.19673694836260944 10.50789482139394
1617105027869982957 -0.143343733039502 0.33799851516640117 10.101753067130161
1617105027903227806 0.45942700057180214 0.8462556382951123 10.291521485618306
1617105028002969026 -0.8068136245143337 -0.8499800837593409 9.438600744638467
1617105028036667823 0.43333555919051814 0.5597076128757044 10.270844580040956
1617105028069961786 -0.705052028119775 -0.38046274469508795 8.958960841029356
1617105028169977903 -0.3014006822113824 -0.6621341244200688 10.702552765948278
1617105028203552722 0.023153782610125698 0.7039183707547795 10.039042278253364
1617105028269932270 0.40303415020870265 0.7889123382141658 10.88278927361484
1617105028303233385 0.3925887141987821 0.23594580482602728 10.896913206969955
1617105028369910717 0.115044072228242 0.4557439048775751 10.27852319767259
1617105028403290987 -0.039149558882578706 0.2884708941323141 9.928037021501513
1617105028469929933 0.5726646223307889 0.1731424460551032 10.325724125242536
1617105028537250995 -0.08624888929754987 0.4699938315419265 10.69420033822114
1617105028603827714 0.22682746600455034 0.6006621519837488 10.479547574120426
1617105028636650562 0.48078011551410277 0.6585744826994138 10.233366881426806
1617105028703244447 0.3419039561511573 -0.38015321894464155 9.584436102666803
1617105028769973278 0.08362009963482021 -0.5627475411455379 9.448555367933047
1617105028803412437 0.16984539539064464 0.43146330234829766 10.130508180373193
1617105028870041847 -0.004773991699513674 -0.09847959294398516 9.543932959422694
1617105028936568975 0.2675543684970358 -0.5757032263554259 9.871748718472574
1617105028969891548 0.043447256216732295 0.3715280364718666 9.478310643910731
1617105029036695003 0.27606458501117165 0.33001172743249624 9.21611637174339
1617105029103371620 0.10008740790056274 0.30471335360785423 8.49514974619651
1617105029170255899 -0.2712372027031034 -0.8561159195716653 9.207227252773869
1617105029236580133 0.6485384563463912 -0.6760964617967139 9.838025922449749
1617105029269928216 -0.33187146949822194 -0.19506746153012444 9.613746069474464
1617105029336556911 -0.21196178351074474 -0.5830222111454614 9.019710816774445
1617105029370062112 0.6618220559306015 0.23230334857605395 10.111615218380104
1617105029436289072 1.772444486941855 0.07833533959422913 10.765925138391118
1617105029502808094 -0.12162395434235104 -1.0031008344239645 10.144560702311553
1617105029569828748 0.9238814958320349 -0.7684748637158341 10.479865664088805
1617105029603400230 1.0261281668558901 0.35397452996893564 10.090438465564606
1617105029669974327 0.9895735283120133 0.956117096211747 9.321171384139033
1617105029736656188 1.7805207099849796 -0.39774460233752035 10.675035678226793
1617105029803403854 0.06093640823057322 0.1992356653285246 9.459339984000996
1617105029836515188 0.40912859703588383 0.5342717008714685 9.891023145710589
1617105029903258800 0.6439545660957378 0.7569546814789749 10.060398528615579
1617105029969978570 -0.5650708370474226 -0.2073814151430271 9.550289594887449
1617105030003265142 0.4564802008490802 -0.06411783765910044 9.610296604734799
1617105030069959640 -0.7124492178549321 -0.1796701658220794 9.317793717964072
1617105030136716604 -0.30125516813272907 -0.3159408355124874 9.459034978403114
1617105030203322410 0.07443169645307357 -0.020975730259456253 8.665902310691841
1617105030236593008 0.33485599942597566 0.0011800763275932585 8.613511657900151
1617105030336675167 0.7958309879464646 -0.09398341541288475 7.493301664949406
1617105030369977235 0.07613862156024045 0.10390255699966466 8.814833273257882
1617105030404202938 0.331769645673238 -0.002476870230904376 8.6053619702448
1617105030470109224 -0.0016840721486309392 0.16962297107567353 8.812652022779776
1617105030536580324 0.298623553137459 0.17395954519878531 8.941303464835599
1617105030603299856 0.2329878917514229 0.5509104311234136 8.837543282932106
1617105030636666536 0.20332013329446272 0.2648500636355235 9.001981672582888
1617105030703107357 -0.13422784766094245 0.041730710278053494 8.51687979090141
1617105030803145885 0.07264203305556334 0.3229071757486985 8.95400943325632
1617105030836577177 0.21467833424837704 0.3829370755614222 9.166136365421288
1617105030903351783 -0.08415111271153576 -0.1972560662865582 8.519563008362727
1617105030936579465 0.3633516675047134 0.25589416226831074 9.185978030613304
1617105031003178834 0.27333619526030045 0.48521299944717905 11.006301401313628
1617105031069937229 -0.4537941620833488 -0.7170715836854197 10.170147832822114
1617105031103263378 0.6067561210860475 0.9643077233161114 11.948717851109762
1617105031169703006 -0.15962560262838016 -0.604432629600178 9.141088647541082
1617105031270008802 0.10324329482419749 -0.726048100207602 9.597381467448638
1617105031369889974 -0.020783316287283818 -0.1880596764720131 9.954933903335744
1617105031403337717 0.237228340979828 0.5696912558483247 9.972990039819093
1617105031469985723 -0.19319057288598107 -0.043320688559784576 8.735368777588222
1617105031503301858 0.5310153398946682 0.3118439265017186 7.8862473553010295
1617105031569602727 1.02951279578856 -0.031122684980052634 6.763339294012022
1617105031602753877 -0.5000765129543202 0.2641489023741634 7.869732085538867
1617105031669999122 0.2308675764854106 0.11807760293190052 8.65089503652528
1617105031736559867 0.04425349337147093 0.31812871346170923 10.162750297854489
1617105031769597530 0.23278670647982383 -0.09267411253393269 11.1328344732291
1617105031836686372 0.712995640169828 0.7884975958221176 11.851366902632362
1617105031936599493 -7.896321742136873 1.3558374336119532 25.516083684064473
1617105032736830234 1.296544231043575 -0.2832840155890556 12.976543985256056
1617105033836870670 2.4364819478186988 0.8966672270257626 8.536203056392068
1617105033903633356 -0.36839149800612053 0.6204488345013593 10.016153846269232
1617105033936717748 -1.0691346984714005 -0.7772577549271921 9.314981648473195
1617105034037035942 1.1267240680718347 0.6138573462142224 9.506177001629
1617105039203409433 1.144784563378494 0.03794315927502996 10.147537251075086
1617105039369952678 1.0498922829226958 0.20992645651482522 10.955242258255137
