1617706914875510931 2.85500001907
1617706915875788927 3.02300000191
1617706916842170953 4.89200019836
1617706916875317096 4.95900011063
1617706916942370891 4.98699998856
1617706916975598096 5.07800006866
1617706917042385101 5.12799978256
1617706917109206914 5.19000005722
1617706917142468929 5.19000005722
1617706917209302902 5.35599994659
1617706917308861017 5.46099996567
1617706917342504024 5.46099996567
1617706917375705003 5.46299982071
1617706917442393064 5.54099988937
1617706917509071111 5.62699985504
1617706917542408943 5.62699985504
1617706917609030008 5.60400009155
1617706917709068059 5.6360001564
1617706917809712886 5.68200016022
1617706917842547893 5.58799982071
1617706917908724069 5.66400003433
1617706917942228078 5.66400003433
1617706918008734941 5.65000009537
1617706918075712919 5.54699993134
1617706918142452955 5.60200023651
1617706918175743103 5.56300020218
1617706918242360115 5.50600004196
1617706918309019088 5.48099994659
1617706918342057943 5.48099994659
1617706918408607006 5.33500003815
1617706918442421913 5.27199983597
1617706918508949995 5.17999982834
1617706918575617074 5.117000103
1617706918609379053 5.14200019836
1617706918708631038 4.91499996185
1617706918742450952 4.91499996185
1617706918809039115 4.75099992752
1617706918842607021 4.61899995804
1617706918942167997 4.43800020218
1617706919042495012 4.63700008392
1617706919075725078 4.52199983597
1617706919175565958 4.53999996185
1617706919209296941 4.79199981689
1617706919308720111 4.65799999237
1617706919409085035 4.45900011063
1617706919442640066 4.3639998436
1617706919542001008 4.15399980545
1617706919642582893 3.97600007057
1617706919708724021 3.93700003624
1617706919742480993 3.95300006866
1617706919775790929 3.95300006866
1617706919875500917 3.89700007439
1617706919908845901 3.81900000572
1617706919942291021 3.81900000572
1617706920042382001 3.79500007629
1617706920075663089 3.82999992371
1617706920175601959 3.85100007057
1617706920209283113 3.87599992752
1617706920275742053 4.08699989319
1617706920308990955 4.11199998856
1617706921009438991 4.10799980164
1617706921075532913 4.23299980164
1617706921142095088 4.33699989319
1617706921209053039 4.58900022507
1617706921308891057 4.25099992752
1617706921342400074 4.25099992752
1617706921375610113 4.40399980545
1617706921442303895 4.47300004959
1617706921509021997 4.68400001526
1617706921575979948 4.80399990082
1617706921608939886 4.85500001907
1617706921675661087 4.9359998703
1617706921742393970 5.0640001297
1617706921809102058 5.04600000381
1617706921842284917 5.10300016403
1617706921942322015 5.17399978638
1617706921975570917 5.26000022888
1617706922008837938 5.1939997673
1617706922075530052 5.23699998856
1617706922142652988 5.23699998856
1617706922209031105 5.28800010681
1617706922242419004 5.30100011826
1617706922275544881 5.26499986649
1617706922375623941 5.27400016785
1617706922409054994 5.26900005341
1617706922475941896 5.30399990082
1617706922542429924 5.21700000763
1617706922575576066 5.20100021362
1617706922642075061 5.20599985123
1617706922709031105 5.16900014877
1617706922741971969 5.16900014877
1617706922808571100 5.03900003433
1617706922875499963 4.95900011063
1617706922908895015 4.92899990082
1617706922975912094 4.90799999237
1617706923075680017 4.71099996567
1617706923142271041 4.6859998703
1617706923242079973 4.55200004578
1617706923275499105 4.42899990082
1617706923342237949 4.39900016785
1617706923408987998 4.23500013351
1617706923442490100 4.17000007629
1617706923542058944 4.02699995041
1617706923609031915 3.80900001526
1617706923675662040 3.71199989319
1617706923742398023 3.64100003242
1617706923808991909 3.40199995041
1617706923876161098 3.21300005913
1617706923908967971 3.6819999218
1617706923975622892 3.49699997902
1617706924042481899 3.22699999809
1617706924108839988 2.98600006104
1617706924142236948 2.98600006104
1617706924209681987 2.85700011253
1617706924308922052 2.78999996185
1617706924375665903 2.72399997711
1617706924442388057 2.74900007248
1617706924508884906 2.77900004387
1617706924542434930 2.77900004387
1617706924608978986 2.76099991798
1617706924708837985 2.93099999428
1617706924742611885 2.93099999428
1617706924808902978 2.46600008011
1617706924842406034 2.51200008392
1617706925809099912 4.20699977875
1617706925909122943 4.47499990463
1617706925942375898 4.47499990463
1617706925975697040 4.54300022125
1617706926042274951 4.74399995804
1617706926109014034 4.97499990463
1617706926175662040 4.96600008011
1617706926209187984 5.08900022507
1617706926275749921 5.18699979782
1617706926342458009 5.26300001144
1617706926375646114 5.28800010681
1617706926442408084 5.45599985123
1617706926509011983 5.5110001564
1617706926575666904 5.5609998703
1617706926608971118 5.63199996948
1617706926708899974 5.79600000381
1617706926742289066 5.79600000381
1617706926775589942 5.79799985886
1617706926842394113 5.88700008392
1617706926909277915 5.98500013351
1617706926975706100 5.92999982834
1617706927009041070 5.96899986267
1617706927075604915 6.02600002289
1617706927109204053 6.02400016785
1617706927209005117 6.00600004196
1617706927242372035 6.02799987793
1617706927275474071 6.00600004196
1617706927375468969 6.03999996185
1617706927409101963 6.07800006866
1617706927475624084 5.99399995804
1617706927509201049 6.007999897
1617706927575736999 6.02799987793
1617706927642329931 5.95800018311
1617706927709115982 5.89599990845
1617706927742449998 5.89599990845
1617706927809236049 5.90999984741
1617706927875550031 5.867000103
1617706927909060955 5.84399986267
1617706928009212017 5.80499982834
1617706928042866945 5.78000020981
1617706928109179019 5.73400020599
1617706928142296075 5.73400020599
1617706928242338895 5.72100019455
1617706928308991909 5.67100000381
1617706928375653028 5.58400011063
1617706928442436933 5.56599998474
1617706928475631952 5.54099988937
1617706928575779914 5.47499990463
1617706928609365940 5.46099996567
1617706928675692081 5.36100006104
1617706928709176063 5.30999994278
1617706928776072025 5.257999897
1617706928842475891 5.15299987793
1617706928875708103 5.17999982834
1617706928975716114 5.09600019455
1617706929009413003 4.99800014496
1617706929075911045 4.91300010681
1617706929109193086 4.82700014114
1617706929209023952 4.69099998474
1617706929308954000 4.49900007248
1617706929342365980 4.49900007248
1617706929409123897 4.29699993134
1617706929442342996 4.19999980927
1617706929542474031 4.03100013733
1617706929575722932 3.97600007057
1617706929609138965 3.9319999218
1617706929675726890 4.0609998703
1617706929775609016 4.33199977875
1617706929842251062 4.07499980927
1617706929909109115 3.90599989891
1617706929975838899 3.88599991798
1617706930008841991 3.81200003624
1617706930109093904 3.61299991608
1617706930142283916 3.61299991608
1617706930175543069 3.59899997711
1617706930275563001 3.39299988747
1617706931008954048 3.61999988556
1617706931242232084 3.8789999485
1617706931308967113 4.02400016785
1617706931342348098 4.02400016785
1617706931409035921 4.23500013351
1617706931475519895 3.65899991989
1617706931508850097 3.80500006676
1617706931575439929 3.92300009727
1617706931642374038 4.0609998703
1617706931709043979 4.22100019455
1617706931742589950 4.22100019455
1617706931842319965 4.40600013733
1617706931875871896 4.44299983978
1617706931942205905 4.45200014114
1617706931975348949 4.53299999237
1617706932042167901 4.62099981308
1617706932109082937 4.66499996185
1617706932175504922 4.70399999619
1617706932209032058 4.71799993515
1617706932275506019 4.78499984741
1617706932375507116 4.79699993134
1617706932408984899 4.84499979019
1617706932442239999 4.83199977875
1617706932542171955 4.92399978638
1617706932642225027 4.93800020218
1617706932675533056 4.83400011063
1617706932742244005 4.84299993515
1617706932809057950 4.82899999619
1617706932842348098 4.8109998703
1617706932908940076 4.70200014114
1617706932976068019 4.74399995804
1617706933009115934 4.73699998856
1617706933075512886 4.74100017548
1617706933108843088 4.67199993134
1617706933175767898 4.60699987411
1617706933242454051 4.62799978256
1617706933275593996 4.54300022125
1617706933342433929 4.51700019836
1617706933375572919 4.46600008011
1617706933475347995 4.38999986649
1617706933508821010 4.3140001297
1617706933576014995 4.26000022888
1617706933609147071 4.20699977875
1617706933708945989 4.03599977493
1617706933742369890 4.03599977493
1617706933808970928 3.95700001717
1617706933842329025 3.88100004196
1617706933909015893 3.78200006485
1617706933976013898 3.69099998474
1617706934042325019 4.39699983597
1617706934075546979 4.242000103
1617706934142180919 4.13100004196
1617706934175889968 3.992000103
1617706934242223024 3.87199997902
1617706934309048891 3.78600001335
1617706934342411994 3.78600001335
1617706934442095994 3.74900007248
1617706934475644111 3.78399991989
1617706934542308092 3.75600004196
1617706934575460910 3.81399989128
1617706934642390966 3.88800001144
1617706934708874940 3.90199995041
1617706934742448091 3.90199995041
1617706934842061042 4.117000103
1617706934875417947 4.33199977875
1617706934942085027 3.66400003433
1617706934975470066 3.78399991989
1617706935042352914 3.92000007629
1617706935109021902 3.97799992561
1617706935175524950 4.0110001564
1617706935242381095 4.08900022507
1617706935275787115 4.117000103
1617706935342457056 4.11499977112
1617706935409193992 4.21600008011
1617706935475397109 4.21600008011
1617706935508974075 4.26700019836
1617706935542032003 4.26700019836
1617706935642355918 4.32299995422
1617706935675582885 4.257999897
1617706935742072105 4.34399986267
1617706935808864116 4.33699989319
1617706935842417001 4.31599998474
1617706935909332990 4.35500001907
1617706936008918046 4.27899980545
1617706936108849048 4.22599983215
1617706936142096996 4.22599983215
1617706936209192037 4.22300004959
1617706936275429964 4.21600008011
1617706936308904886 4.10300016403
1617706936409126996 3.96900010109
1617706936442296028 3.98300004005
1617706936475838899 3.84599995613
1617706936575551986 3.8069999218
1617706936608928918 4.57299995422
1617706936642204046 3.74699997902
1617706936708849906 4.09600019455
1617706936775662899 4.507999897
1617706936809212923 4.04300022125
1617706936875480890 3.61299991608
1617706936942255020 3.60400009155
1617706936975857973 3.62400007248
1617706937075414896 3.51999998093
1617706937108953952 3.54299998283
1617706937142446041 3.54299998283
1617706937976300001 2.84100008011
1617706939108985900 2.38100004196
1617706939142190933 2.38100004196
1617706939208940982 2.38800001144
1617706939276168107 2.36199998856
1617706944475622892 3.83500003815
1617706944642220973 3.8900001049
