1617105009603151321 -1.6946838045080632 0.13395924298780945 0.22577486610704436
1617105010602895498 -0.716211345145746 -0.6427921784388309 0.17457505729838732
1617105011536460638 1.0932794958302547 -0.620126068938615 0.2591189658844833
1617105011603231906 1.1944272608635715 -0.5862611889628729 0.2818587173588573
1617105011669829845 1.288377853285799 -0.5455719618108406 0.30640873094054777
1617105011736403465 1.3629749619864042 -0.5053408406343073 0.32844004238884544
1617105011803448677 1.4437627788285423 -0.4528951127972376 0.3553679285696305
1617105011836558103 1.4759621143228294 -0.42876050237275515 0.3664957241678271
1617105011903133869 1.546005548238442 -0.37002896705780164 0.3920861782669404
1617105011969829082 1.608750574701884 -0.3087825134817829 0.4162868527394666
1617105012003227233 1.63302618888629 -0.2820145123349873 0.42596143912756135
1617105012070163965 1.6843627164910893 -0.21884241318558578 0.44650660635715517
1617105012169726610 1.7418309618786934 -0.12793099099058883 0.472758847793993
1617105012269743204 1.7799033084598854 -0.0366124030173137 0.4954314422697186
1617105012303053379 1.7872352007967935 -0.0091092593512523 0.5015682806551511
1617105012336463212 1.792657934719304 0.018556943592977545 0.5071579263451849
1617105012436509370 1.7967860808518894 0.11087788313543483 0.5244225247885341
1617105012469921827 1.7923308083733367 0.14745512787239123 0.5312036019522267
1617105012503207683 1.786815172301321 0.17488942354052225 0.5356794377289891
1617105012603070735 1.7552959932961998 0.2652625137116881 0.5472212953166624
1617105012636407375 1.7415959042719875 0.2919948281968614 0.5497538937235278
1617105012669739007 1.7206617894400498 0.32701086545929064 0.5523120961511893
1617105012736542701 1.68302236494366 0.3785556298836858 0.555553591363602
1617105012803179740 1.6294842083639072 0.43706927009665986 0.5571917410888401
1617105012869829654 1.5659919069697048 0.4936900758393889 0.5567522481879942
1617105012936809778 1.5033121344064153 0.5409072456361564 0.5548485326809733
1617105012969707012 1.4576239270301792 0.5717806320785869 0.5522188999727556
1617105013036398649 1.382907515556751 0.6170881655244559 0.5479102060099702
1617105013102980375 1.2874398038200678 0.6684127981900612 0.5420710744926946
1617105013136383771 1.243834229748435 0.6896307415498932 0.5395818803611876
1617105013203127145 1.1378978439407061 0.7372790379771923 0.5346175251164214
1617105013236524820 1.0909137424901332 0.7571429228101806 0.5319669299613753
1617105013336400032 0.930627980529869 0.8214065469780927 0.5194285373287486
1617105013369729757 0.8652736092839202 0.8455243817856511 0.5146869924526447
1617105013403575897 0.8160354870442923 0.8632244352315596 0.5111996497393134
1617105013503081798 0.653232756560576 0.9200524964437434 0.5008654284595137
1617105013536458730 0.6052184268027427 0.9364070789683958 0.4985971702230671
1617105013569740295 0.5419414451941968 0.9575624600977909 0.49614010428478666
1617105013636508703 0.44847727329050713 0.9885993575909132 0.49277065050179036
1617105013736855268 0.2972231958716075 1.037565624041475 0.48752316712379606
1617105013769574403 0.23804330031694418 1.056194549862918 0.4853323291918777
1617105013836408853 0.15092932396158243 1.0829765685098465 0.48220209638774314
1617105013869782209 0.09355052329495198 1.1002140173101835 0.47943927698037425
1617105013969877719 -0.045252892493152216 1.1401591062401892 0.47414249414983495
1617105014003175735 -0.08543644693427502 1.151036878323589 0.4732218354125359
1617105014069913625 -0.1749724420838725 1.174507192010943 0.47086003557547734
1617105014136410474 -0.2470802133545975 1.191626889368931 0.4689604206807838
1617105014203082561 -0.32383840000659125 1.2075838394145835 0.4650584988151167
1617105014236446142 -0.3541753338416138 1.2130533549571274 0.4626877782306233
1617105014303154945 -0.4181526961247755 1.2221026965854391 0.4555361434914559
1617105014369733095 -0.47208617520764085 1.2255449714287634 0.446532923532019
1617105014403321504 -0.49201911360395584 1.2253189067062165 0.44205628950888437
1617105014469866037 -0.5306278076970167 1.2202865814208836 0.4305637985465852
1617105014536446809 -0.5554764227688558 1.211773906923684 0.4187907239261975
1617105014603132724 -0.5753994558941754 1.1977186077930977 0.4022012133173114
1617105014636727571 -0.581043869807088 1.1905141215611281 0.3942031943702961
1617105014736470699 -0.5872949705962764 1.1625674036508349 0.3662758660702987
1617105014769817352 -0.5847861420051829 1.149986753632902 0.3557486057991159
1617105014803205490 -0.5811521829482411 1.140355016296535 0.34828365449467424
1617105014903161287 -0.5605276092551223 1.1078005794817158 0.3253750146603786
1617105014936536788 -0.5519299038194012 1.098080731870878 0.31938107044320424
1617105014969828844 -0.5390411928365466 1.0854194518395597 0.3120862513115501
1617105015069869041 -0.4999853023179807 1.0551747786124672 0.2965703775684078
1617105015736543893 0.1326048764030746 0.9047880004090527 0.2943085714666276
1617105015803174495 0.24558226390958518 0.8919034823593145 0.2990388973487768
1617105015903202772 0.4137801490313525 0.8739529402495184 0.3070212861421801
1617105015969781160 0.5329562584577207 0.8617456143874498 0.31415294972314717
1617105016036660671 0.6326944245720442 0.8516066518139177 0.3211650216623862
1617105016069932699 0.6971504580740538 0.8451139544330614 0.32525966977980797
1617105016136378765 0.7903051312795798 0.8357038674891608 0.3326070976982926
1617105016203256607 0.8919231788266695 0.8252761284647274 0.34119284721129756
1617105016236491918 0.9330661789789754 0.8210185261693314 0.3449950238070167
1617105016303215026 1.022042425150848 0.8115149464331657 0.3536042824041545
1617105016369955539 1.1011331018153852 0.802472768971868 0.3621767458457229
1617105016436491489 1.1608150250366382 0.7950737698385288 0.36918720793227555
1617105016503180503 1.2209712738049068 0.7867674163999128 0.3763828316572561
1617105016536561727 1.2436452820855723 0.7832583568182335 0.37906598556805
1617105016636545419 1.3054660692291702 0.7721327032459533 0.38621178722412647
1617105016703102350 1.3363855740658241 0.7646252600358152 0.3899420172459392
1617105016769628524 1.3575733037483062 0.757424038927126 0.3920342193292039
1617105016836492776 1.3679668155403992 0.7514055922921062 0.39296032395919506
1617105016869798660 1.3709538129100587 0.747481932562305 0.3927359557348983
1617105016936676979 1.369942536623811 0.7416407199171582 0.3926103687992944
1617105016969935178 1.365311626724637 0.737816221865054 0.39184863923260793
1617105017069842576 1.3412045937579207 0.728169713411763 0.3884940125274709
1617105017102890253 1.330470533503624 0.7252892670594967 0.38714313909486964
1617105017136142492 1.318038707514159 0.7223880568553362 0.38550872484535004
1617105017202982187 1.282963609000025 0.7153972944338708 0.38073507371169973
1617105017303105831 1.2184715355817497 0.7052294846996222 0.371575941281615
1617105017336538314 1.1959379698437123 0.7021350437929326 0.36839222928906823
1617105017369909763 1.163514776205473 0.6978256527166449 0.36410649372372594
1617105017437191247 1.1098037342850147 0.6913543401083719 0.3568077937045216
1617105017503105163 1.039987000881167 0.6836263830176302 0.3476503352221247
1617105017536853075 1.0074958898561237 0.6802654218279129 0.3436970167462772
1617105017603772640 0.9265293656954473 0.672327483010845 0.33351737014219207
1617105017669935464 0.8379309822520224 0.6643327567475041 0.323365009018341
1617105017736705303 0.7562177493071257 0.6574998977450608 0.3142025835249289
1617105017769928216 0.6988722176956391 0.6529417463430585 0.30821572274277703
1617105017836383342 0.6084108596190088 0.6462356227481426 0.29871629615085504
1617105017903074264 0.4963135685736124 0.6384066364699363 0.2897518739285709
1617105017969818592 0.37695714475194714 0.6305159231598149 0.28502824485899425
1617105018003397226 0.32378103244568157 0.6271351576957963 0.28450589014839084
1617105018069908618 0.19481407269379614 0.619265878759605 0.2859325064980357
1617105018136693954 0.07936301354092674 0.6124970162461482 0.29090780659034704
1617105018169830322 0.00021814584676110017 0.6080177047284723 0.29562793322255176
1617105018236805677 -0.12150449319486058 0.6012046779557865 0.30539191553428346
1617105018336487531 -0.33011443284923997 0.5897908785202937 0.32809277493012856
1617105018369851350 -0.4144477553569555 0.584741013983649 0.34012548211826305
1617105018436671018 -0.5398236065612747 0.576626404636709 0.3614074535634406
1617105018469984769 -0.6218074298269081 0.5709350188770713 0.3767762984608403
1617105018536643028 -0.74072018563523 0.5609695471723417 0.40123884641848184
1617105018603219509 -0.8710902607032354 0.5472566146885698 0.4283224821889193
1617105018669840812 -0.990017476817244 0.5306653191541091 0.4520645141332744
1617105018703108310 -1.0371493474753242 0.5224840583186942 0.46081707343174577
1617105018769815444 -1.1365779469400092 0.5004053869714636 0.47800120101387467
1617105018836534500 -1.2102647116795857 0.47797886751012825 0.48834625554696787
1617105018903175592 -1.2813975175000405 0.44732313756272757 0.4957649993737287
1617105018936497926 -1.3071180907565285 0.4326293722317739 0.497601296427356
1617105019003216266 -1.3557021004379153 0.39486229921228755 0.4982236663766605
1617105019069929838 -1.38858441765933 0.35216524970387153 0.4943282240503767
1617105019136787891 -1.404530537968327 0.3119415271550766 0.4872647549007779
1617105019203119516 -1.4091890267282223 0.26115192846591606 0.47535399874919837
1617105019236523628 -1.4068565802030886 0.2382183294782438 0.4691651390888314
1617105019336556196 -1.380907513799587 0.1580886255952168 0.4424311392029146
1617105019369913339 -1.363768834650955 0.12502293022473018 0.4294492634338465
1617105019436678171 -1.3302593811278234 0.07398209596647964 0.4098382360454912
1617105019469879865 -1.3035165968915334 0.03954521714954887 0.39660343446371493
1617105019536826372 -1.2572221048466161 -0.01242906548866668 0.3762784521718612
1617105019636559963 -1.1637254897505516 -0.09918021589193272 0.3430543830139572
1617105020569940567 0.6535481703263588 -0.8146066797948365 0.28460973254981625
1617105020603172302 0.7179716162655778 -0.820648983560551 0.2995986279907196
1617105020669862985 0.8623267204585694 -0.8265656260318446 0.33805005507209546
1617105020736539602 0.9802981707047903 -0.8230006101972515 0.37570527864640907
1617105020769886732 1.0554395163536328 -0.8171881426997756 0.40461961982782174
1617105020869900941 1.2319602782986996 -0.79431825100839 0.4819128146399146
1617105020903256893 1.2820780423549933 -0.785857632972279 0.503197048790629
1617105020970166921 1.394792182477588 -0.7649928688324013 0.5436691810662431
1617105021036545991 1.486895585199702 -0.7466041585069099 0.5671004432752835
1617105021069881916 1.5458807488634545 -0.7343227870150953 0.5771784022426378
1617105021136599063 1.630798687533061 -0.71584999908884 0.5838611384258425
1617105021169939279 1.6846713623227327 -0.7032674454548639 0.5821097961336218
1617105021269916772 1.8102748342885 -0.6705269668626562 0.562019194941684
1617105021303142547 1.8449916015115555 -0.6602298901830712 0.5523368552193098
1617105021369869709 1.920162025453186 -0.6351391377434747 0.5251017934239266
1617105021403189659 1.949570524093592 -0.6235372906428824 0.51166135757229
1617105021469912290 2.0115088539723476 -0.5943812742786047 0.4768142385865503
1617105021536462306 2.057167494673423 -0.5667593338181496 0.44304446796792796
1617105021603560447 2.100796902811874 -0.5312459810328047 0.4000169292605248
1617105021636293888 2.116412881721951 -0.5149184140623841 0.38040155102892387
1617105021703516483 2.145808843898124 -0.4740856605311095 0.3322708702316126
1617105021769948720 2.165190440460494 -0.4294912688621685 0.2809973741781174
1617105021803081035 2.1704546164600784 -0.4092704863827721 0.25876936399056166
1617105021903080940 2.1747297733521544 -0.33697806218817583 0.18637174058242378
1617105021936575889 2.1719755284970184 -0.3139487506851444 0.16646670467980584
1617105021969883918 2.165395977921314 -0.2824643768698751 0.14268449953118725
1617105022069918155 2.1487832793669783 -0.23162695930783278 0.13111943141325116
1617105022103470325 2.1451519806231176 -0.22931960787226624 0.15661619930750514
1617105022169936418 2.1314734116120797 -0.21818873523031732 0.20860909911030104
1617105022203232526 2.123645289272803 -0.21244731299663092 0.23094642361282014
1617105022269984483 2.102043329339363 -0.19728808012350146 0.2833029973251187
1617105022336912631 2.0807275514458556 -0.18329887870531159 0.3271774165203039
1617105022369967222 2.065769668498789 -0.17386484756492385 0.35562002683083793
1617105022436655282 2.042095155328225 -0.15985719154080608 0.3956762566557304
1617105022503308773 2.0136553643265804 -0.14388186401028247 0.4394208956321531
1617105022569666147 1.9835505062678014 -0.12813902051503637 0.4785190541073887
1617105022603353261 1.9699936770219653 -0.12144440605918669 0.49407872460280605
1617105022669989109 1.9373556995698549 -0.10596996938442592 0.5285419881412791
1617105022736567258 1.9074993938450013 -0.0919681837857974 0.5541307759900298
1617105022769917249 1.886346921479997 -0.08225804555950585 0.5702108947223717
1617105022836333513 1.852278835692849 -0.0670666318898219 0.5924135849363429
1617105022903292179 1.8089001172893937 -0.047826740947923836 0.6172416312838405
1617105022936751604 1.7890810736624292 -0.03891726848991634 0.627111658053057
1617105023003298521 1.7398635243869276 -0.016595446098072196 0.648503569093067
1617105023069932699 1.6865208500308544 0.007968074170843836 0.6668440473216759
1617105023103352069 1.662483534611885 0.019252978311993692 0.6735714499581216
1617105023169988155 1.603349619787733 0.0469708862937967 0.6883302366305182
1617105023236665248 1.549106483785415 0.07159340869167784 0.700218416481703
1617105023270155429 1.5112184468764815 0.08847018127399645 0.7069806418594677
1617105023336645603 1.4518281966072055 0.11426495473650215 0.7146764470000873
1617105023403333425 1.3782954650742674 0.14469918249535785 0.7199221897613924
1617105023436682462 1.345355390565682 0.1575507014556199 0.7209839130654702
1617105023503375768 1.2638829554479358 0.18726165828103417 0.7210663665592464
1617105023569959402 1.1764369909680175 0.21630048796204898 0.7170152292448891
1617105023636637687 1.0961637620083036 0.24029396804690492 0.7113186542940806
1617105023670060873 1.039832999903406 0.2558567355313115 0.7059645877549149
1617105023736668586 0.9509683837102358 0.27866631943312825 0.6962128458306176
1617105023803415775 0.8405503877461897 0.30430477690303503 0.6815374340602365
1617105023836619377 0.7912089180566653 0.3148972908102879 0.6743693202553648
1617105023903505563 0.6722979353869328 0.338769605461787 0.6561118353897017
1617105023970118284 0.5494980532578665 0.36131217813135946 0.6356151228601133
1617105024036761045 0.4420422517521341 0.3798234387408685 0.6169152574899005
1617105024103464126 0.31550852847291433 0.40066269796298054 0.5933438844197688
1617105024136775970 0.26125849024363174 0.40926793760487973 0.5829859466074014
1617105024169996261 0.18891832420462365 0.4203350365815155 0.5694314644850588
1617105024236835956 0.08229560481974808 0.436324433292503 0.5488842965796581
1617105024303318023 -0.03868936502573042 0.4536651747877971 0.5241568894435035
1617105024369902133 -0.1556999626813737 0.469529737546897 0.49817734778801104
1617105024403168916 -0.20382781906701153 0.47587174750918776 0.4868394351571316
1617105024469910383 -0.31170185228790354 0.48902906923154804 0.46013474501813795
1617105024536531686 -0.3980312110120921 0.4981774410376885 0.43670054372171196
1617105024603248357 -0.4905237841809306 0.5063320855758584 0.4079885582272731
1617105024670112371 -0.5738643001727812 0.5116727225812334 0.3764298296616957
1617105024736483573 -0.6373392257610494 0.5136282405827327 0.3479082534709898
1617105024769902229 -0.675367721370036 0.5137540274113139 0.32763628211372714
1617105024836371421 -0.7254876575495544 0.5117599592444634 0.2967843734992427
1617105024869801282 -0.7544610397243996 0.5092571884777416 0.275659582394789
1617105024936473608 -0.7907786611901585 0.5035125044134532 0.24391064175894908
1617105025003025054 -0.8224970522918934 0.4940793872242795 0.20783781958335085
1617105025736557245 -0.5451993465403985 0.37838138809792604 0.29416462075565286
1617105025969772815 -0.23366475790349667 0.31825397534133 0.36600005696643434
1617105026069891214 -0.08027955190979628 0.2913736485653206 0.38786798922548066
1617105026103126287 -0.03258168624665247 0.2831783504535733 0.3937339148301617
1617105026136453866 0.015292185704195207 0.2750883016773253 0.3988893402874819
1617105026203229904 0.12822854991930882 0.2562491433290892 0.41003327364377246
1617105026269843339 0.24123628011043502 0.2374947848417973 0.420705283767289
1617105026303204298 0.28876413981410626 0.22960504359790482 0.42472619021206015
1617105026369875907 0.3962479434486854 0.21156354287260873 0.4340855643263665
1617105026436476230 0.48345405482655507 0.1967767462083192 0.4410368239874203
1617105026503165721 0.5783984460291943 0.180197101346422 0.44879091442382535
1617105026569869995 0.6645697963065119 0.16477150558020376 0.4548305634740306
1617105026603219747 0.6989292268179889 0.15842077302953894 0.4569733144046306
1617105026669907569 0.7717281137207952 0.14451987611492037 0.46083942700673486
1617105026769795894 0.8591268503247883 0.12692499013211725 0.4614070892005177
1617105026803119421 0.8812399222573715 0.1222263920212791 0.4603172910005298
1617105026836537599 0.9019618446427241 0.11780903190699596 0.4589792183118493
1617105026936448812 0.9569856817149429 0.1054366709440195 0.4524670430030833
1617105026969803333 0.973582835095348 0.10157677788078028 0.44881843933262716
1617105027003113269 0.9838324260341303 0.0991351045231023 0.4456498535969388
1617105027069818735 1.0019306523410558 0.09482581533131984 0.43697981174303063
1617105027169818401 1.0124518972050822 0.092483573728792 0.4213327046455257
1617105027203131198 1.012376104222105 0.09252403689478587 0.41622656824615434
1617105027236531734 1.0109061388165392 0.0929629604290119 0.410951859198045
1617105027303225755 1.0018518377762213 0.09529838124735289 0.3994012829729292
1617105027369869709 0.9854006267895828 0.09930848518451992 0.3888518769083328
1617105027403143644 0.9761835948364394 0.10155378822438803 0.38491206398277494
1617105027503049135 0.9367874337865149 0.11074451666571783 0.3726597299780959
1617105027536508083 0.9224802847218152 0.11403114089462757 0.3697024932918466
1617105027569852113 0.9017341086424746 0.11852318363205332 0.36614173807633554
1617105027636464357 0.8671443646835596 0.12608080236154565 0.36134809341208723
1617105027702889442 0.821918796297757 0.1354741937785187 0.3576067897998002
1617105027736579179 0.8007579667462832 0.13971933154934832 0.356239060673839
1617105027836527109 0.72410003173548 0.15469033904285046 0.35507084476186673
1617105027869885683 0.690752820511933 0.16099694249964205 0.3554020083883964
1617105027903122901 0.664737380715803 0.16576682513451307 0.35636540990358
1617105028002921581 0.5721925440834275 0.1819543382653599 0.3615258518940982
1617105028036564111 0.5428514859387712 0.1867647485487654 0.3637836690327642
1617105028069855451 0.5024609784040632 0.193061823508186 0.36726856995004564
1617105028169872999 0.3966415675430478 0.2088167525991132 0.3774530631700661
1617105028203440427 0.36354965273123624 0.2134445931006649 0.381201062220487
1617105028269827127 0.28515074628716647 0.22365201541189114 0.3905536510881162
1617105028303134441 0.2509524991289041 0.227828297471489 0.3952584065515309
1617105028369807720 0.1701114411673051 0.23715727430532468 0.4065417012857364
1617105028403188467 0.13540789015522137 0.2409096163498695 0.41157867874122067
1617105028469832658 0.05568450636301446 0.2486977157003271 0.4247312248187229
1617105028537080287 -0.010847072432506004 0.2544456285625219 0.43680571249024086
1617105028603702545 -0.08384949236154231 0.2595615613854557 0.45208107518169544
1617105028636552810 -0.11342281228126376 0.26128321527649967 0.45884708676998237
1617105028703141927 -0.17650864789847653 0.26387700795072555 0.47508022956158324
1617105028769873380 -0.2303215063684334 0.2644972526789678 0.49152172403443156
1617105028803311586 -0.25000219196126316 0.26403662584617393 0.4985368242678187
1617105028869934558 -0.28748670137544474 0.26111065705074676 0.5145593761557044
1617105028936462402 -0.3094885027649978 0.25653247649407507 0.5276595787561016
1617105028969790458 -0.3189923364186661 0.25245020436903187 0.5356973464207664
1617105029036594390 -0.3248588322296161 0.2443931266524654 0.5478331546111652
1617105029103264570 -0.31942032726296576 0.23221400751601826 0.5606153510020156
1617105029170152425 -0.3008296541415465 0.21700082678163782 0.5726231507051164
1617105029236476659 -0.27442300548882936 0.2015515165023781 0.5821125338151131
1617105029269830703 -0.2516426606176125 0.18993821011696996 0.5881732191216482
1617105029336456775 -0.21023888092222426 0.17106753669375618 0.5959425115468688
1617105029369903564 -0.17827614188777047 0.157539745771009 0.600647678702261
1617105029436248540 -0.12560169192829274 0.13613848618426255 0.6077417619035872
1617105029502777576 -0.058676139287168416 0.11025218509983782 0.6149506948932714
1617105029569720745 0.013258020637333341 0.08401716964012639 0.6236326963017245
1617105029603252410 0.04407907480546353 0.0732494227265333 0.6273077730610215
1617105029669868707 0.11550051883229889 0.04970488000843453 0.6370282368935323
1617105029736549854 0.17360995460946843 0.03256477380030816 0.6460925404182415
1617105029803244590 0.23663655971336986 0.01749560869631166 0.6590333928538442
1617105029836416721 0.2613771867540459 0.01298630013213894 0.6654525527257192
1617105029903152942 0.3142697732753971 0.008207495904605887 0.6818047889265888
1617105029969874858 0.35898377416228916 0.011768649869656103 0.7005899598380965
1617105030003164768 0.3755914348809439 0.01594650759482228 0.7093581298175478
1617105030069855213 0.40875991707165504 0.03179356594807018 0.7306070127443323
1617105030136610746 0.43075002979255717 0.050827808430236175 0.752453697675037
1617105030203219413 0.4495618636828288 0.07835555296835874 0.7782180941892359
1617105030236493349 0.4556090969412212 0.0913839484291494 0.7877759214149689
1617105030336572170 0.46836364002234543 0.13827356313017664 0.8106283750273799
1617105030369870185 0.47024280892122505 0.15802345560822087 0.8157934805153481
1617105030404036283 0.4703207068865044 0.17325057802027427 0.8179358599541189
1617105030469969749 0.4668483692099785 0.2094555776363344 0.8182877303364711
1617105030536476135 0.4588010326992108 0.2411868353100936 0.814699625817036
1617105030603196620 0.44373784638816977 0.2793745514024581 0.8051085159514502
1617105030636559963 0.43525106228471744 0.29602703468332753 0.7995911151591801
1617105030703048467 0.4106584237566922 0.3357817783522162 0.7833729365261544
1617105030803039789 0.36307580675128726 0.39463052315544384 0.7519536931965072
1617105030836472511 0.34586889143125304 0.41262874353656104 0.7406885198731445
1617105030903247594 0.3013452384152973 0.4547069409989001 0.713113519354552
1617105030936479806 0.28094200168939404 0.4727978003875558 0.6999906119594139
1617105031003074645 0.22965578613365498 0.5150150683374831 0.6664018512418676
1617105031069827318 0.17395397976826546 0.5563204540389561 0.6321180646947289
1617105031103163719 0.14912720133541846 0.5736861906698629 0.617384192293581
1617105031169651985 0.08989951391719253 0.6129693025540953 0.5840901472934326
1617105031269904613 0.002895244421868986 0.6659847055734793 0.5378172554831299
1617105031369779348 -0.08567189803878551 0.7149827530704506 0.49357707701118936
1617105031403194427 -0.11261471255657066 0.7289822793224482 0.48046237447235385
1617105031469834804 -0.17548537663117517 0.7600046922267234 0.4505924397119703
1617105031503196001 -0.20274211089415659 0.772795350719543 0.43745543241889734
1617105031569571256 -0.2663720647653217 0.8014083376386086 0.4023776396395587
1617105031602711439 -0.29378515308815456 0.8131867130339934 0.38397395976879567
1617105031669899940 -0.3578251428534471 0.8399524240885348 0.3327456390118669
1617105031736498117 -0.4133894453451018 0.8616052414045848 0.2818973035864158
1617105031769548654 -0.45089974641472613 0.8747163217951341 0.24874612241940885
1617105031836578845 -0.5085705612338967 0.8925807839191096 0.20143261503225607
1617105031936501741 -0.6080178843097372 0.9165279324393073 0.1345465717871998
1617105032736722230 -1.2595466782214064 0.7535709322974774 0.1338868218989724
1617105033836721181 -1.5918241313505588 0.4096581896615935 0.10021887687142599
1617105033903317451 -1.5912563937539776 0.41014169600979344 0.10007845057633591
1617105033936568498 -1.5934855647527957 0.40918065507099805 0.10041123439738373
1617105034036930799 -1.5919202941296204 0.409938071091282 0.10007234469953094
1617105039203299760 0.016110650913998104 0.16401410411039596 0.29240722800463503
1617105039369849205 0.03441568890708942 0.1465880982771183 0.18429219034572394
