1617104315946897745 -0.3034750370887158 0.223242065769003 0.2950482299175373
1617104316013570785 -0.4022551974245636 0.21786577050853126 0.3008632227303536
1617104316047012805 -0.38771653937555817 0.22434546458881713 0.31386739158407984
1617104316113432645 -0.37846420769994493 0.231858144026555 0.3219131216027139
1617104316213494062 -0.3971284521861902 0.23579017491606233 0.3321516142572757
1617104316247085332 -0.396871979911928 0.23474300901830686 0.3384489032598019
1617104316313434600 -0.47449314029261114 0.234568452183331 0.35059211083003794
1617104316346820592 -0.4861459717569545 0.23438443374482723 0.36124132639808615
1617104316413444280 -0.4139120568069359 0.22506367181604345 0.36314472671580894
1617104316480162858 -0.4276945257823992 0.21759271227348384 0.36773176275855074
1617104316513555765 -0.42749438832103426 0.21238433590798342 0.37293644327413894
1617104316613419055 -0.3164583215065542 0.20265956456494583 0.3698593445440394
1617104316647132873 -0.3163024602068014 0.1951342259920927 0.37415577718579773
1617104316713500738 -0.1964030927404221 0.1811951631400703 0.3676431631369717
1617104316746831417 -0.19652027303258857 0.15453527915364415 0.366535548706904
1617104316846860885 -0.23060120596215716 0.14045880460972177 0.36858070695410267
1617104316880211114 -0.11975680430405111 0.13020470734154713 0.3655418994396551
1617104316913550376 -0.13681035503858663 0.1180130591829353 0.370523793816329
1617104317013418912 -0.014254890287793032 0.09154411355525446 0.37080495272264746
1617104317046931266 -0.014275509953079801 0.08571932709467736 0.3754656768710406
1617104317080262184 0.13835918791170387 0.07115009590233357 0.37178073481617513
1617104317146812915 0.11906725557473896 0.06082373924532196 0.3722464850930295
1617104317213469505 0.1906761292719774 0.04768180439205491 0.37051768715992606
1617104317247044563 0.37513066037275644 0.02254515794123302 0.3775927420007795
1617104317346771717 0.4393410809802565 -0.0032035391891532816 0.3853146096701582
1617104317413474798 0.5011167396341798 -0.012385729885862784 0.3907092693043081
1617104317513424396 0.5905735190131893 -0.029719793012876944 0.39852360669997705
1617104317547045946 0.6463724234208033 -0.03775488786250944 0.4058110335939852
1617104317613482952 0.7379991104716939 -0.04905908597419831 0.41008136500267306
1617104317646872520 0.7283102896251443 -0.06521557006427836 0.4226796675910401
1617104317746599912 0.7943993393010254 -0.08556240566238593 0.4332535697635896
1617104317846618890 0.81686484975102 -0.09671159547943936 0.44296521761514634
1617104317880446434 0.816203003072101 -0.10797016425882072 0.4443811307967211
1617104317946836233 0.8456674869610699 -0.11828334867337442 0.454168461191362
1617104317980128049 0.8589260412338722 -0.13051030621555892 0.4569742189473132
1617104318079823255 0.8660037171996469 -0.12954225627780025 0.45695496781319705
1617104318113429546 0.881508555801815 -0.1377008360687484 0.45834436918366517
1617104318179786920 0.8304323336513391 -0.13716106063467343 0.4584680986921914
1617104318213022232 0.8483308491080641 -0.15399226982073472 0.4598464432734308
1617104318313487052 0.738579386718516 -0.160211425677398 0.45035631779651386
1617104318346981525 0.7818183763441939 -0.17177384203538237 0.44456673079195425
1617104318413834333 0.6426724561784396 -0.1681880832871291 0.44123626817941647
1617104318446849584 0.6485829274513724 -0.1822608542149428 0.4384745461012169
1617104318547001838 0.525861209543431 -0.18448284358498646 0.42208468219280537
1617104318580289840 0.5758395514755752 -0.1979553948007156 0.41484410825489354
1617104318646912574 0.4865395529318852 -0.20754756212359843 0.404110700449779
1617104318680181980 0.3669445342705946 -0.21750880700429776 0.39183168133945373
1617104318747148513 0.23636440275736037 -0.2165854985350027 0.38800902523988934
1617104318813898801 0.1954577680772469 -0.23110349118876167 0.37408460570756996
1617104318847073793 0.06768126011052855 -0.24810639065637063 0.3615927061170073
1617104318946917057 -0.06530760319026863 -0.24651332433365758 0.35025076884839446
1617104318980482101 -0.06410929710020952 -0.26044825131015303 0.34216207540627797
1617104319046841144 -0.0971238760520663 -0.2794948472268351 0.3261477999816059
1617104319080122709 -0.10154535789861185 -0.31085916724349155 0.3126447239090997
1617104319147154569 -0.3579174136067209 -0.28542847929012855 0.3061771032815442
1617104319213495492 -0.2803010545008262 -0.31183008227351716 0.29175846549124873
1617104319246922016 -0.6173089982787014 -0.2930271875524118 0.2924469658837989
1617104319346724271 -0.6177636844495455 -0.32252707738545366 0.27177596517143976
1617104319746802091 -0.6352026840852822 -0.42771483341910993 0.27576053484400664
1617104319847368955 -0.6042826494113154 -0.4383654593911614 0.2808642282102583
1617104319880482912 -0.6271683338036929 -0.4390237004005167 0.292975404828428
1617104319946855783 -0.6034867497079626 -0.4583082783108862 0.30952147378184336
1617104319980193614 -0.5734786806677663 -0.46406637919408583 0.32105652696348463
1617104320046902179 -0.5877261740038491 -0.46630465247649716 0.3316330598184999
1617104320113538265 -0.4572233449184706 -0.48844056343916803 0.3375962233404335
1617104320146972179 -0.45452943303635607 -0.47758441539676627 0.355072554189405
1617104320246751070 -0.38225808373114756 -0.4817586053597778 0.3822384687168768
1617104320280551433 -0.3796509580641376 -0.46956883327439763 0.39801907297407074
1617104320346827268 -0.29100722727895034 -0.4749598735338619 0.4070490223867521
1617104320380235433 -0.2305970211108601 -0.46822172547473645 0.4280177463113409
1617104320447069168 -0.18185706741922747 -0.44553679112210426 0.45868993805374964
1617104320513536930 0.028444645580882444 -0.4794568001274497 0.4686551996487295
1617104320546847343 0.032670933125837465 -0.4530434530318262 0.4957711890184958
1617104320646816492 0.14182983529839666 -0.4389828607303838 0.5267685195827974
1617104320680537939 0.21959873643896666 -0.4384586164103143 0.5389644739587385
1617104320746880292 0.2846255860177531 -0.41680068422201627 0.5764106943670751
1617104320780233383 0.2861193656448733 -0.40321350636315817 0.5915015370639285
1617104320813568592 0.39800657879660184 -0.39679961046459195 0.6243434371787747
1617104320880222797 0.3932195257575093 -0.3678631878840329 0.6614752193687117
1617104320946697473 0.4946735816808654 -0.3715046770463882 0.6830828387525582
1617104320979793071 0.4689173853781834 -0.336882776325609 0.7158716768147723
1617104321080101013 0.5963111057378483 -0.3181838511555754 0.7620470332107476
1617104321113730907 0.5973100146028778 -0.29808855108676585 0.7796226963280186
1617104321180047988 0.7043058038227694 -0.27353729319618203 0.8255479614908946
1617104321213376283 0.7307626770963469 -0.23868499026629453 0.8747263242714431
1617104321280443429 0.7677106303242369 -0.22383378863896608 0.8933096446339212
1617104321346971750 0.8200423358342062 -0.19158699063997886 0.9432503977779658
1617104321379948139 0.8359407294014605 -0.14887218522265372 0.9760307270090084
1617104321446881294 0.9242362293560098 -0.11163637638571589 1.020068519651642
1617104321513514757 0.9233479103077351 -0.09281071179908418 1.037296130583323
1617104321546961069 0.9237954870363514 -0.04373456989476662 1.054678317534655
1617104321646854162 0.9836029327482287 -0.009942618049463975 1.0721162540078932
1617104321680217504 0.9889952339264707 0.011802257469887528 1.075704139995192
1617104321747175693 1.0586664345049779 0.05097991237542662 1.0842831551440137
1617104321813489198 0.9752768015665523 0.08816394527750837 1.0725554374146598
1617104321847103118 0.9777499667563636 0.12608307807804509 1.0567969371301411
1617104321913508653 0.9051389818672004 0.1484598630727021 1.0423607578862117
1617104321946963310 0.9081945175903186 0.17435118569143573 1.0168112034634569
1617104322046834945 0.9025841388936198 0.20886601269987876 1.003236516512388
1617104322080418825 0.9178037126191012 0.22193828075265035 0.9919345147682304
1617104322146861791 0.8471104626994514 0.2483321688858609 0.9729526706568953
1617104322180355310 0.8934678974716461 0.2662168592434112 0.9692225657746094
1617104322280234575 0.7781281261252047 0.2907707145035237 0.951681790339941
1617104322346998929 0.6792455132522552 0.31038656318214436 0.9401938583607525
1617104322413798332 0.7067524050386607 0.3180625734699973 0.9443794433776747
1617104322480292081 0.6398497284502072 0.33374625014945863 0.9348153808213961
1617104322513438463 0.6395712032780483 0.34189442129046177 0.9347870510530978
1617104322580163478 0.4710446990741821 0.3424709715143957 0.9202645283277033
1617104322646899700 0.4685129207224432 0.3463035925377189 0.9239315910468668
1617104322713566780 0.36800809396499057 0.34378239234682884 0.9237897115537632
1617104322746839046 0.38625357679805683 0.34704610606260067 0.9308529766770426
1617104322813594818 0.17391942100156355 0.3400494696436175 0.9142869566848729
1617104322846880197 0.09188345959939648 0.340440043058888 0.9185688073601166
1617104322913399457 0.09732184310359271 0.33826048148897603 0.9335544111133383
1617104322980227231 -0.03127088538220146 0.3285672356924924 0.9419529553057444
1617104323046806335 -0.13363159015477422 0.3269256958054258 0.9385981885764474
1617104323113424539 -0.27994794143766244 0.3190910033839216 0.9335699372135513
1617104323147136926 -0.4439109771823553 0.3024707280483457 0.9417882061733625
1617104323213474512 -0.5085273037858511 0.3042726549183624 0.9411873469539866
1617104323246883153 -0.5965493955291223 0.29314112378584284 0.951876936913817
1617104323346838951 -0.5395542371259343 0.28297044131273463 0.9923964782150427
1617104323380373239 -0.6267727082532089 0.2665621619625206 1.0025454650452401
1617104323446753978 -0.6552221181370013 0.25899619420002234 1.0164714855603254
1617104323480483531 -0.6747455145670997 0.22656341966590438 1.0393641403206821
1617104323580192565 -0.740642386699458 0.1933570832527545 1.0572553113815668
1617104323613812208 -0.7814661671350649 0.17913430388229104 1.0581695280615846
1617104323680288314 -0.8264936444902022 0.13574734657686882 1.0737662047937544
1617104323713714599 -0.8320377891060038 0.09619155397168132 1.097574625301923
1617104323813423156 -0.7646661344749766 0.0030157436150926586 1.1385343331126618
1617104323880113363 -0.8352022932804988 -0.03815950146890107 1.1494191177485633
1617104323980197668 -0.7741037181671233 -0.08753741702790835 1.18536791412106
1617104324013560295 -0.7511497892258419 -0.12164075826913728 1.2066497576135338
1617104324047052860 -0.8151448854207985 -0.1600530755804268 1.220549646072707
1617104324146854400 -0.7980423464629687 -0.20105810681566932 1.2498307352758489
1617104324180292844 -0.7306965125076164 -0.22448220491327597 1.2761182014222527
1617104324246848344 -0.8084163634603088 -0.24251928508302306 1.2778970613171927
1617104324280185461 -0.7492762728165241 -0.2732368954098294 1.3026667556437317
1617104324346879720 -0.7659654014222319 -0.28780396552548587 1.2945321900582292
1617104324380205392 -0.8046183250937666 -0.2978973918866953 1.2807398291379948
1617104324480238676 -0.7173353154341675 -0.3227141232300201 1.279484779240145
1617104324513743638 -0.8062976562253681 -0.32180498454782186 1.2310460497421682
1617104324580129623 -0.7487326156756877 -0.3395712188505124 1.230873063018933
1617104324613520860 -0.7596249642727511 -0.3406221148388396 1.1829901950492765
1617104324680205106 -0.7714873078976621 -0.342433168978081 1.136153910924016
1617104324780321836 -0.8014378293865594 -0.3207239979365581 1.0553695181240033
1617104324846784114 -0.7837394997317384 -0.31981215871387275 1.009067087982059
1617104324946836233 -0.8286508365602105 -0.2969908618484906 0.9275523012040909
1617104325046826601 -0.7448478915626633 -0.28997851670878816 0.8906365458443366
1617104325080376148 -0.7359357695237874 -0.26658484336813854 0.8461974654575837
1617104325146811723 -0.6360859213406611 -0.2668249671982356 0.8344367807789546
1617104325180143356 -0.5891738589351618 -0.25430266294610826 0.788933093501788
1617104325280052661 -0.5398299797406767 -0.22339607935620054 0.7432096452570663
1617104325313823699 -0.46930279057095703 -0.21737278583102687 0.728300032765625
1617104325380180120 -0.3796111260158028 -0.18647386963734008 0.6895713301517552
1617104325413547992 -0.3735992989225507 -0.14900136099953643 0.647617511801712
1617104325513848543 -0.14409891856270418 -0.13531321759346704 0.6207810481004461
1617104325547033786 -0.039663547141167044 -0.11854631239171903 0.6017904603693105
1617104325613526105 -0.0169014424002496 -0.07954366699783094 0.5711262905975052
1617104325647089481 0.0851592181185219 -0.043306159367194924 0.5415086908934281
1617104325746952295 0.1575639216183684 -0.005982948649646019 0.5111775659117633
1617104325780431270 0.1394846546066355 0.014212435157338998 0.5037306443811489
1617104325846871614 0.18506675127656758 0.05398373101925344 0.47594815653521083
1617104325880504131 0.1859731779662268 0.08947026356653469 0.4539061142117826
1617104325980156898 0.29948688947618374 0.12220888770713743 0.43836140883777835
1617104326013688087 0.2995400554112657 0.13730920596247032 0.4245183868161693
1617104326080155611 0.4034892662579286 0.171072406655946 0.40406035932390194
1617104326113509893 0.40303237657719704 0.20588208792985416 0.3821506974059858
1617104326180180788 0.36554888995876267 0.2299413330024171 0.37013004891943657
1617104326280274868 0.40891524544263236 0.25755574473326687 0.3600850563953739
1617104326314023256 0.393740100314671 0.290732141400777 0.3437456565098367
1617104326380144596 0.4062163249186681 0.3194351790355643 0.3214486288875065
1617104326413686037 0.4056935339961947 0.32973840316003067 0.3163065213292726
1617104326480409383 0.3650113495781402 0.35644719815568743 0.2998580383390404
1617104326513686418 0.36343509168215915 0.3780987722691212 0.2845913060357075
1617104326580175876 0.40271000616147257 0.41858441420850273 0.2674258489100261
1617104326646744251 0.31368504274921216 0.42630846748066686 0.26022451532249213
1617104326680240869 0.25162551933080346 0.4500780748397567 0.2520947868712733
1617104326780167818 0.251341315457164 0.4712090749284784 0.2359365598990771
1617104327146856546 -0.19840959000305647 0.5542434955305316 0.2633332796795913
1617104327213503122 -0.24254388095925883 0.5564000412129961 0.2701661035882268
1617104327280220746 -0.40463701449662315 0.560832368578867 0.2988796069109605
1617104327313639402 -0.40535149577003304 0.5743881962684361 0.31569337759121663
1617104327413609027 -0.4167214281827252 0.5825237571350033 0.33082548812609824
1617104327447095632 -0.4394160179719062 0.5840778214154929 0.34834143408254287
1617104327513754129 -0.6034847757334036 0.5720130503874736 0.37088539955517585
1617104327546889543 -0.5886703319576481 0.5707764078044257 0.39231529915269375
1617104327646797657 -0.5846346946124306 0.5413878622573665 0.4360169056078314
1617104327746708631 -0.5443887868725175 0.5135010781787165 0.46582783251913445
1617104327780138015 -0.6170667683544928 0.47381376275484177 0.490559925457427
1617104327847036838 -0.64372936868594 0.4558048475150519 0.5040832139673982
1617104327913558006 -0.5701599598027043 0.40599844566261967 0.5318369825550986
1617104327946899652 -0.5294482837629904 0.3753484773856922 0.5457392861566854
1617104327980241775 -0.5533866043077613 0.3177130233244295 0.5733362617060717
1617104328080218553 -0.5698930787208041 0.2460585006435218 0.5928258425413537
1617104328113716363 -0.6671592827251303 0.1752196864885946 0.6135402873606103
1617104328180137157 -0.44612442205938097 0.13550650119697932 0.6336297666806775
1617104328213550329 -0.2735971097558201 0.04518368153916383 0.6634908682020679
1617104328313563346 -0.23830481894962174 -0.03630040614081939 0.6972119256874519
1617104328347060918 -0.17189300037202537 -0.08268141044884597 0.7113627476972075
1617104328413412570 -0.14620407501663202 -0.16328282662620391 0.7411575469431622
1617104328446887254 -0.02838811300310562 -0.2459444093192384 0.7797827121790655
1617104328513582706 -0.02757583446186951 -0.2913157212548072 0.7926192310721478
1617104328580372333 0.017121169037291217 -0.34016650886760785 0.8244998057395448
1617104328646931648 0.16310742184486982 -0.41786084374254356 0.8717103262767911
1617104328680203676 0.15412364263658196 -0.4615093407456629 0.8951317194381929
1617104328746987104 0.27208954837788424 -0.5000427569978276 0.9249147743038522
1617104328813464879 0.33882491739604736 -0.5387852323175315 0.9638922123894036
1617104328847153902 0.32954028918917855 -0.5714402383401229 0.9945016644545034
1617104328913509130 0.5011767601051624 -0.6122665308771238 1.0288203852283886
1617104328946852684 0.4952161245542821 -0.6335836891178537 1.0451850050002447
1617104329046832799 0.6083080736128781 -0.677330745872369 1.074737753151441
1617104329080257177 0.5967645862106177 -0.6886186081144037 1.0758932705561752
1617104329147135019 0.7179932424876401 -0.7174122723368508 1.0879705768469616
1617104329213396072 0.7833746289779913 -0.7426571840109255 1.0924561828465778
1617104329246932506 0.7844988879186716 -0.7470853934796702 1.0771748355083384
1617104329313493251 0.8618952716497401 -0.7566020960641955 1.0757367166694156
1617104329346865892 0.8660656239241162 -0.75028231688826 1.0520052341953716
1617104329446862936 0.8617193218573465 -0.740885156426075 1.0172613368401122
1617104329480445384 0.8202553749912496 -0.7315031571515624 1.0012189516599106
1617104329546865463 0.8205061995229408 -0.7117633491427775 0.9673248226924824
1617104329613739967 0.857855912488295 -0.6831612037426062 0.932772425573543
1617104329680247783 0.8031767348694614 -0.6395051337303195 0.8908724151125814
1617104329713633298 0.9050465665238128 -0.6441957415159918 0.8812291371964776
1617104329746936082 0.8902129559736065 -0.5943397486991986 0.83981091947681
1617104329846918344 0.9101745434724315 -0.560103779699562 0.8067799119688261
1617104329880107164 0.8862241309067111 -0.5392458313337412 0.7879177125048253
1617104329913495779 0.9686885533559759 -0.5020054710589745 0.7525508040490111
1617104330013478517 0.9287807282576028 -0.4530802468485095 0.7155536259881095
1617104330046877384 0.9361029176095479 -0.40915194959305673 0.6768325965502359
1617104330113489389 0.9096748150200002 -0.38435291095495167 0.6555499122613174
1617104330180164813 0.870285124213996 -0.3240585310501051 0.61976210028939
1617104330213392734 0.8898233653099523 -0.2802206225640114 0.5802183180935151
1617104330280432939 0.7997975131036621 -0.2589591443892236 0.5612724816014162
1617104330347063302 0.8740809615142502 -0.20724924615900964 0.5269718472694721
1617104330380170345 0.8194621874361903 -0.16469245057716142 0.49099628335781303
1617104330480151653 0.739878658138315 -0.11167588569576131 0.4559085905060056
1617104330513742685 0.7129078189373144 -0.09203298150547451 0.4352688219337565
1617104330580262660 0.5952683280802726 -0.038016048784766276 0.40383501060084326
1617104330613476037 0.590924886635738 -0.008214229940956524 0.3675803718557075
1617104330680189371 0.48733358487178036 0.01318429506553112 0.35415565062652443
1617104330713638305 0.4872424122438992 0.04604443088516327 0.31473001028035164
1617104330780141830 0.46639115171963974 0.09115092759854755 0.2893016743949936
1617104330880156517 0.35805782452849355 0.12778773900188195 0.2707893753462608
1617104331346963405 -0.03328800614390026 0.33776551922882536 0.2518695615703968
1617104331446935653 -0.21506836313492794 0.3591438244654085 0.2819408255263496
1617104331480191946 -0.2916752762143293 0.3641097593818785 0.29880904414626974
1617104331513514041 -0.3661071383821417 0.3879128998709672 0.32245824367793097
1617104331580536603 -0.40063178534024857 0.404800529472913 0.3375387969933009
1617104331646789312 -0.45939199113317164 0.4289384294251174 0.368657337049631
1617104331680496215 -0.46075479203526415 0.45567811053713353 0.39450235385469834
1617104331780046224 -0.6679419954416468 0.47027236105147985 0.45142162646896705
1617104331880096435 -0.6678629082329679 0.4906617416924789 0.49606821333514933
1617104331913760423 -0.7519149243638266 0.4921130477283685 0.533219728002865
1617104331980012178 -0.867981011425146 0.49164699805624384 0.554598101152764
1617104332013485670 -0.8612856215481242 0.49780667403948214 0.6031741213300026
1617104332113398313 -0.8266337334989351 0.5004719949246981 0.6489986491910653
1617104332146891832 -0.7579042940489544 0.4943562372548445 0.7010965650071181
1617104332213761568 -0.8146849175966437 0.4887292496661822 0.7256939409609003
1617104332280254602 -0.7361309660916269 0.47085653579845105 0.7796551631675147
1617104332313380956 -0.739826341063468 0.44963812783263457 0.8324507636882463
1617104332380121707 -0.7411500621093658 0.41821642092355255 0.88068827939724
1617104332447111129 -0.7038035475656077 0.40660790028472554 0.9104553455127894
1617104332513555049 -0.5977958316193988 0.36844787170482185 0.9715254528704077
1617104332547115564 -0.5802552714524714 0.33555362365642205 1.0190148783937807
1617104332613542318 -0.4757321904879741 0.3106025824325404 1.055673253500764
1617104332646819114 -0.424966372399624 0.2655934211526041 1.0986949131470864
1617104332746952533 -0.313320492370567 0.21451606847947352 1.148850846241686
1617104332780181169 -0.1853863877480002 0.1644865954701931 1.1940327340040473
1617104332813488960 -0.2160479039930605 0.1403032509674215 1.193629318380414
1617104332913487195 -0.14923329923670892 0.0957181446786009 1.207772424288096
1617104332947095632 -0.03856740422474525 0.04230694562830051 1.228209757156467
1617104333046926259 0.1309962888121583 -0.03981405644579955 1.2443318522077407
1617104333146820783 0.34187326011172425 -0.1046110939328746 1.2565785420510946
1617104333180217027 0.4757419560120888 -0.13188186217101472 1.2720518168429686
1617104333213505983 0.4838532565544109 -0.18629969261084184 1.2603958609238202
1617104333313483953 0.6357443788659407 -0.23558312635533452 1.2821614437729751
1617104333347141981 0.6702476959154731 -0.2770477769649496 1.2896676629562398
1617104333413501262 0.7827886404041222 -0.30225106149076664 1.308317897100098
1617104333446834325 0.8502050293051941 -0.3304835640999378 1.325999067010097
1617104333546807527 0.922153245236331 -0.3612656728853975 1.3504322889658358
1617104333580283880 0.9936523781606508 -0.37656622126855516 1.3751254645357598
1617104333646887063 1.0610099978701126 -0.38121031648007037 1.4008727922480628
1617104333713564634 1.1078302855371365 -0.3909717240682377 1.4290910956381304
1617104333746910810 1.0974797057502257 -0.37633613069307 1.4540455578368614
1617104333846856594 1.1646980548012178 -0.37619528965565324 1.4823607514289603
1617104333880523920 1.17222649975878 -0.34513767076057517 1.5172543004462964
1617104333946846723 1.2139777944162629 -0.3280079302837529 1.5518423377697896
1617104333980412483 1.2604051974291939 -0.2924409953792415 1.6002142917995876
1617104334046803236 1.2671863164832193 -0.2745023214397972 1.6094225121543437
1617104334080263853 1.224029280336349 -0.2216566542267106 1.624496592510663
1617104334180628776 1.2666593166742692 -0.17550144360855363 1.64641502015804
1617104334213835716 1.2683359447126725 -0.14313612449932855 1.6483412411481027
1617104334280656576 1.2464014879221028 -0.09710854993685691 1.652610060156538
1617104334313550233 1.2501214194152221 -0.037199014651769474 1.648836178246849
1617104334413089990 1.1738511470237705 0.048000931540108316 1.6087010829092874
1617104334513611555 1.1079905722776657 0.11415952681433204 1.5835144592797359
1617104334547144889 1.1117613940311553 0.17561359364627463 1.5588465118608226
1617104334646872282 1.05669705785045 0.27803668113027014 1.5054109634680104
1617104334747422695 1.0511042437840943 0.35499250857566333 1.4775730854152482
1617104334780418395 0.9242878272432153 0.37797903237293484 1.43892205838395
1617104334847129344 0.8824645380275373 0.44786622867677395 1.4062324793280876
1617104334913372993 0.868989160090281 0.5170807925340783 1.3793374973881882
1617104334946820020 0.7664853340195434 0.5462120596655078 1.3487357280844499
1617104335013467788 0.7832040376070561 0.6218389674660556 1.328024346241122
1617104335047158718 0.6384535695121936 0.6884655531518098 1.2772063276281391
1617104335146913051 0.571339637611636 0.758674598813893 1.2385620896403768
1617104335180192232 0.5685747870454576 0.7971346928835668 1.2247053506348533
1617104335213446140 0.5582368623089491 0.8731691551685443 1.2016047517298394
1617104335313362121 0.3068209038190335 0.9465323604424969 1.1240656966135585
1617104335413818836 0.5435102589433343 1.0612290684900765 1.129991766670154
1617104335446708202 0.5385403987702166 1.096147386894302 1.1159632420972478
1617104335480162143 0.3175542686911945 1.11150190156666 1.0574785462757421
1617104335580260515 0.15278072342508286 1.1385338040240767 1.0067493810207528
1617104335613357782 0.08585554599792689 1.1598615822293643 0.9633005196241091
1617104335680363178 0.0654711425078296 1.1822297083590907 0.9489087601917437
1617104335746814727 0.004829789485877978 1.1939452465659088 0.908859535231423
1617104335780239820 -0.016997810967364302 1.2116054185556937 0.8656766419032851
1617104335880141019 -0.004429403886132555 1.211414954120308 0.8097165207182784
1617104335946872949 0.017566234365528732 1.2042743791294288 0.7658135597894234
1617104336013478517 0.03500796807061146 1.1852057064556167 0.7187523010828025
1617104336113492965 0.12327419965896214 1.142460199532413 0.6531372790737617
1617104336213437080 0.44178633720554616 1.1556560421444078 0.6246039482575207
1617104336246847629 0.4492098678115961 1.1247389630735378 0.6053221965498018
1617104336280121803 0.04601490229284044 0.9715092375650263 0.5585563742524815
1617104336380164384 0.17244527912829755 0.9246621206569716 0.5357395931544395
1617104336413486957 0.209980487814319 0.8624960631863057 0.5043149615815072
1617104336513445854 0.25921998406554225 0.7659138268589762 0.4635911028202547
1617104336580263137 0.2939092661379932 0.7167255112538751 0.4371463870799645
1617104336646908998 0.3074135483720526 0.657924855048047 0.3916538825312787
1617104336713741302 0.37816797530014457 0.6428323656570547 0.37496391839600496
1617104336780214548 0.3908877025658879 0.6082020864727038 0.33997214975212686
1617104336813492059 0.40987425358375207 0.5648899736789936 0.3058283353076022
1617104336913604497 0.3901670058350102 0.5515737363715099 0.2641561377239663
1617104336946999788 0.4047862794107684 0.5386440483628898 0.25314169479567883
