1617104315946933031 0.4625068954931947 -0.3287731732909101 9.662243736522187
1617104316013604640 0.40756209555523965 0.019337428334506437 9.41232571607417
1617104316047047138 0.7857690649734862 0.43477807988857314 9.568883605386528
1617104316113465309 0.29772135761884994 -0.39160746557505466 9.794819955212235
1617104316213526248 0.7128248085080056 0.3317396060865007 9.489814523884437
1617104316247117280 0.3106782508310191 0.008100761851928349 8.835114900305662
1617104316313469648 -0.24008768615772383 -0.8338367488101851 9.244303465066318
1617104316346853733 0.5669910987809744 -0.2799498362500279 9.584082438959758
1617104316413475751 1.2390511043454508 0.7850442889092418 9.700180454416056
1617104316480194568 0.3018546154408949 0.216490248199174 9.408172688804493
1617104316513588190 1.3869595027542403 0.2366331525182342 9.591021412556605
1617104316613451719 1.1963902543871228 -0.45637072536182105 10.27525983250169
1617104316647165298 0.07559383883534584 0.2472879648519115 9.347620787249324
1617104316713532924 1.413604197612651 0.1011506366581147 10.260792484164085
1617104316746864557 -0.03754589848392426 -0.7346995315173188 9.7865308425933
1617104316846893787 1.2438212931745354 -0.010981703122699131 10.045450025591911
1617104316880244016 0.28073095342431625 -0.2859380634448415 9.512505106930183
1617104316913583040 1.1178580257112913 -0.1487847871076449 10.714029813758993
1617104317013468265 -0.9581772845793974 -0.5935841094043689 10.442241158984583
1617104317046963691 1.8295498381857143 0.3960284530098077 10.395322058646755
1617104317080294132 1.8449950410978615 0.1400683609349802 10.115160588643338
1617104317146871089 0.05760984174697767 -0.12434426046765927 9.511566337288507
1617104317213501453 1.390354205211301 0.5414108653073236 10.38104741697052
1617104317247078180 0.5221628770581723 -0.22199461698068504 9.777510097295712
1617104317346807479 0.30145290426323257 -0.20215308914175734 10.774764404253311
1617104317413506984 0.9814912844436796 0.7292190642382665 9.841885768967732
1617104317513456344 -0.5928135884266811 -0.04566496763484052 9.639283401605093
1617104317547078847 0.3833134485784714 -0.3649160128009028 9.820445088790851
1617104317613516092 -0.36376930530320534 -0.0007277045734249673 8.79098136422042
1617104317646905899 -0.19369778817612426 -0.3535480156276902 9.864158006938354
1617104317746633768 1.0870070452825185 0.5584139428197565 9.709969831035059
1617104317846635341 -0.17797209473907685 0.26097902551070673 9.674177093300365
1617104317880497932 0.6985273652732549 0.1352708077993993 10.16037785479406
1617104317946868181 0.16604326993224772 -0.3898299803289388 8.894901522207505
1617104317980160951 -0.38214210573738183 -0.09322590490821289 10.233828976780766
1617104318079831838 -0.5976349659589918 -0.1471449340911854 10.108476851320052
1617104318113435983 1.272625562853602 0.9244800173853469 10.646574925016587
1617104318179794788 0.0996424043013705 -0.13820646805491624 10.102447403523634
1617104318213028669 -0.2049852530070241 0.5702711585875297 9.203296898401048
1617104318313519001 0.10448095030581017 0.10160116563895039 10.1784434913495
1617104318347013950 -0.0058026038688789375 1.0108287843051953 9.566177709080018
1617104318413882017 -0.2860841376159898 -0.5924816896410959 9.651628588293999
1617104318446880578 0.22002650145611646 0.3436996854875048 9.602774615425245
1617104318547056674 -0.214895283273357 0.19568362886714474 9.85741063942296
1617104318580342769 -1.1047266370997806 -0.5985355631308806 9.102238674002121
1617104318646944761 -0.14272578162843458 0.7709457832054144 9.109896335641224
1617104318680215120 -0.5884653344583335 0.13253190439737061 10.5420212757408
1617104318747200250 0.7483243598488029 0.6286524121956745 9.847750846230054
1617104318813952684 -0.3342424669283329 -0.7281522001527084 10.31750792427775
1617104318847124576 0.475115401855331 0.725500802104743 10.884906237000445
1617104318946951866 -0.640003581041488 -0.24259269944422368 9.200003731450497
1617104318980515480 -0.655218618056919 -0.36883500171716727 10.431379551649156
1617104319046873092 -0.2215525026762477 -0.8164297396617846 9.395950576874457
1617104319080157756 0.15954012318156305 -0.5467170306477523 9.973583102598553
1617104319147206306 0.5301902324365947 0.38811412118195987 10.241696838820754
1617104319213528394 -0.0025544684399993745 -0.8751055769670764 10.146385040517105
1617104319246955156 0.5112951876702022 0.8950891068394604 10.77985475873762
1617104319346757411 0.13851923975286282 -0.5313156470027504 10.037333167754342
1617104319746860265 2.0856657982486038 0.9209981842813252 10.624456885688835
1617104319847400903 -0.9323866186899034 -0.4181556625339514 9.879970331410995
1617104319880515098 -0.19972719536834574 -0.641333618944114 9.474391210672232
1617104319946889638 1.355482082489923 0.6066736379890443 10.019012365796488
1617104319980226755 1.991609165067352 -0.3310339450789802 10.688537532172669
1617104320046935081 0.4281035367266205 0.6605589646796826 9.567185764809386
1617104320113593339 -0.0786121623171348 0.43661739257563253 9.859456236702407
1617104320147030115 1.6533366512871281 -0.5143508210526275 10.126086564634523
1617104320246809244 -0.05489083466774437 0.03350791123295614 9.330994415755562
1617104320280586957 1.5687513316523456 0.11104120704861627 11.199152333898505
1617104320346858739 -0.9246684526328137 -0.5705029606150855 10.265589778341425
1617104320380274772 1.887461148526839 -1.9281108553537105 11.222512913206636
1617104320447101593 -0.0629018479380475 -0.8224874174890265 10.645191820383669
1617104320513568162 0.6446161186605568 -1.0174925266826638 10.017406590633088
1617104320546880483 1.1478496798941193 1.1857338007471974 10.711229465861743
1617104320646848678 1.4994065103717984 0.6716590515309138 10.513120076818733
1617104320680594205 -0.13809032895031437 0.7303002611818531 9.827151400209905
1617104320746915340 2.741412566875631 0.5645807628730533 10.906837982895233
1617104320780267000 0.09793267307174704 0.46148001023531615 9.58596233356221
1617104320813602924 0.6735813699794371 0.4906266305117881 9.960407816421911
1617104320880254268 2.1657165693667952 0.403505802371672 10.734374701716229
1617104320946731090 -0.5093119539201362 -0.5211172024720114 9.44396274161243
1617104320979801416 1.4444287756965422 -0.5838900400513373 11.131142628344628
1617104321080156326 0.47155671839387153 -0.13251895105978384 8.63345754461458
1617104321113762617 0.4147324806464916 -0.09150978443432833 8.806481224046598
1617104321180109500 0.4382077211472875 -0.0675558034382168 8.477401778132496
1617104321213410854 0.3135545445733355 0.21218271116491236 7.698497945670794
1617104321280476570 0.11634321801891398 0.0015671334019996632 8.814009515675671
1617104321347025871 0.8092194418754238 0.37611965425457106 8.383724950912223
1617104321379971742 0.9345824863334316 0.017139755364483273 7.483766335255655
1617104321446944952 0.7436781675522383 -0.20490996214872728 8.514496176360444
1617104321513548135 0.1430578939355439 0.36239579777863695 8.424179251141835
1617104321546993732 0.6894082197672717 -0.05230348433401533 8.496972161638473
1617104321646890640 0.38722965644543117 0.35322610332770205 9.153949758130393
1617104321680252075 0.6241021792690956 0.3140513778032997 9.682936933971376
1617104321747209787 -0.24385749297656856 0.005180708887663105 10.943997799489239
1617104321813544511 0.4929532011009996 0.27938592225231496 10.55991361107684
1617104321847137451 -0.463624147511119 0.09344350940124871 10.733096899002376
1617104321913541316 0.4704613675845854 0.037593892197274076 10.097137911232158
1617104321946996927 0.17787692754462173 0.4195755150639977 9.4866079114231
1617104322046867132 -0.6915773596464366 -0.41965733058938265 9.583201360225704
1617104322080452442 0.5491997680656596 0.7585239421196796 11.394179897188671
1617104322146893501 -0.48574093548406755 0.08088730891038674 10.580999998966208
1617104322180386543 0.28600996169963533 0.6951687188002449 10.559775241981598
1617104322280266523 -0.005987775211266012 0.23479052930364835 11.73903993419335
1617104322347110033 -0.8289158255222264 0.27356863164562145 10.85421879725587
1617104322413830041 0.1957593697203659 0.4186070571819865 10.89252224414992
1617104322480347394 -0.533927330994077 -0.1578360039313734 9.151741798394763
1617104322513473510 -0.8970750437446642 -0.4475555994613556 9.269416367399645
1617104322580177068 0.5719111392986616 0.31279576536588183 9.119624868808842
1617104322646931409 0.6689644268565536 0.6645274303483155 10.599156478598175
1617104322713622331 0.4710410591139949 -0.4925736533854468 9.44426157677923
1617104322746874094 0.0007651607382626654 0.35442926133405145 11.531576585899883
1617104322813652276 0.4957387776369045 0.790173926754839 11.279294017977131
1617104322846911907 -1.1588716527813885 0.07944081287270671 9.205128624360432
1617104322913431644 -0.6463215038527871 0.05165798742010661 9.383554594505885
1617104322980259180 -0.40223635565876203 0.4229700875290068 10.875815806813211
1617104323046839475 0.5501400958308156 -0.18026037765691263 9.12321975125437
1617104323113458395 0.6099817297646135 1.1941627715297838 10.678341469480852
1617104323147170782 -0.3220553626105639 -0.894284901872282 10.24220835056303
1617104323213506460 0.08521887617749377 -0.9803987367452793 9.628193331849868
1617104323246915340 0.4809649031595217 0.7284828306566835 10.095533258836584
1617104323346872806 -0.6193436382712206 0.02242294088617352 9.72672787920823
1617104323380406856 0.6964101079177821 0.8991310946570086 10.606482792451917
1617104323446788787 1.3812116435085913 1.3344237081774326 9.85744821320854
1617104323480517148 0.7949496312187441 -0.3797462030537037 11.205530855113267
1617104323580252647 -1.3875284755809503 -0.8746893312627667 9.912608826469262
1617104323613869905 -0.028830068987480015 -0.12551760931186856 10.156942023125625
1617104323680348157 1.475087926531132 0.5000063935185992 10.039574266050234
1617104323713772058 1.083085741441717 0.27027731622640605 10.680707895773397
1617104323813456296 -0.06119535506016831 -0.11712232271065144 8.972867473775164
1617104323880148172 0.29410205629629266 -0.14935953825554021 8.857052388837122
1617104323980230808 0.3573357861327592 -0.04458407969206427 7.436276534118834
1617104324013593912 -0.3552677486053218 0.11977143732522916 7.650452203335361
1617104324047097444 -0.37805548923987425 0.21078029706458434 8.29573487853753
1617104324146902084 0.5525736550959335 -0.30549724618256924 7.294666467137924
1617104324180354118 0.5030945565125475 -0.3822122934422374 8.019303492758535
1617104324246881008 0.7238406904106388 0.20778234977505672 6.1958148866117035
1617104324280218601 -0.8537442542981045 0.16881565146325814 7.666989382019142
1617104324346914291 0.14280469280770383 -0.12468690902009325 8.254507141848661
1617104324380238771 0.2301924366168385 -0.06903215884651767 9.33191539211616
1617104324480297565 0.7623668762763538 0.3062718847488841 9.968357045019676
1617104324513822317 -0.17110121547816 -0.40666607335522503 9.134321939523414
1617104324580163240 0.38472145259307233 0.4660584655791789 9.400225265548174
1617104324613554477 0.01804127330996791 -0.17767984921569427 9.69332947165056
1617104324680237293 0.13151858490922266 -0.3781474170974524 10.148648326940359
1617104324780356168 -0.11984578182911981 -0.014373802243936036 8.676309693124074
1617104324846818208 -0.09983907309005739 -0.605454465106903 9.684791884517956
1617104324946869850 -0.34144919503076254 -0.9374630394092905 9.816231243688101
1617104325046859741 0.727347999072515 0.895925834197451 9.399745624621263
1617104325080409049 0.385545032869639 1.460439164707702 9.572069952070917
1617104325146843910 1.5958444306037016 0.22703616565355456 10.831322629070078
1617104325180176973 1.3976753270865505 -0.5291520308367794 10.325931386001253
1617104325280112981 0.6674025216907583 -0.08093304954379804 9.5243023584188
1617104325313884496 0.7221407093929303 0.21865596865055775 9.523318181011911
1617104325380240201 0.2111940980543743 0.5059302528807489 10.241173715915311
1617104325413582324 -1.0797655249468732 0.32846704700888435 9.72890968919731
1617104325513881444 1.2288888817583161 -0.4964239651772738 10.25391162518689
1617104325547066688 1.2515424597785654 -0.11662021695767275 10.70609940589769
1617104325613559246 0.9886772355436566 -0.6925100152615713 10.830374528771276
1617104325647121191 0.16868159158516507 0.7974919001002252 9.724780594275167
1617104325746984243 1.0695809800345433 -0.23797456786708251 10.619276371478088
1617104325780478239 0.3558469263774102 -0.2460731841378819 10.848481545839045
1617104325846906900 1.96136930692152 0.8492078420133066 10.03832121900867
1617104325880537271 0.24579987925915348 -0.47087205972549756 10.540679697643348
1617104325980189800 0.6663434455520709 -0.14869143008571303 10.0216620051925
1617104326013720035 -0.2859823933182867 0.33948157183493505 10.427633422143934
1617104326080190420 0.03780659060047792 0.14355064954872326 10.622939487081778
1617104326113540887 0.6903422602036734 0.45895460992939435 9.291899754835157
1617104326180212497 0.17618992371881337 0.09661162994905904 9.57755153648356
1617104326280307054 1.0248209323372581 0.9651865550198966 10.381423733335291
1617104326314054250 -0.2720338333228748 -0.029786616320615737 9.851963814186123
1617104326380175352 -1.1285221797559855 -0.3534513799581909 10.144561034106236
1617104326413718700 1.2703554883100197 0.7506933152138833 10.930309443921175
1617104326480441570 0.1600178718159881 0.21486728860906948 11.316633978807086
1617104326513719320 -0.42758144365617257 0.26047784110189753 9.919633187818043
1617104326580209493 0.36401844684115464 0.05220280489775609 10.195769767300968
1617104326646778106 0.8581426845471442 0.35101457701936856 11.557950203558025
1617104326680273056 0.6814658629205171 1.1025016054165584 10.459012475158858
1617104326780199050 -0.6260682044693524 0.00998159734143207 10.227972079317233
1617104327146890401 0.4464264906360469 0.26094932571263163 9.385780922645836
1617104327213537216 -0.3971385532600629 -0.23916604347159934 9.29141743789801
1617104327280253410 1.004322495935906 0.38517490210126987 10.20054903579126
1617104327313673019 0.8856820538522433 0.8111627412951636 8.94781228764328
1617104327413657426 0.2094427419141045 -0.09855983134478666 9.91259810915429
1617104327447141647 -0.1943799578084677 -0.21725434231427176 8.860574182184333
1617104327513802766 0.6637186230897397 -0.003660944161377258 10.083941003150853
1617104327546924829 -0.6608437265458103 -0.2863338188969225 8.482339866216542
1617104327646830797 -1.077093373608018 -0.5242068201912373 8.4343408478185
1617104327746742010 1.512615608918739 -0.06034899292209259 10.706009754719698
1617104327780167818 1.592271576252367 -0.32607345366975116 9.73314344472701
1617104327847086906 -0.9083954921830845 -0.5777873249484348 8.903074489880355
1617104327913591146 -0.12403862770248764 -0.06040646115183398 9.925267046630951
1617104327946932315 0.5933781719473609 -1.1217701087939527 9.212586044303736
1617104327980274200 0.7323303407567293 -1.305006860758645 10.584803175968997
1617104328080252408 0.015379922284393943 -1.4268720275616071 10.253757511832326
1617104328113748073 -0.7675297427732809 0.37264925846560726 9.553190472235585
1617104328180172443 2.6546476983158662 -0.6196927719695177 10.917187074444225
1617104328213582515 0.6301197817321058 0.8193486931424948 9.863581258393648
1617104328313596010 1.572142402109128 -0.4468345674245611 10.381635458215142
1617104328347093582 -0.632193827096274 -0.5778338857907942 9.460264322446553
1617104328413446664 1.6509259141688462 -0.3172482262481148 10.446167438068493
1617104328446942567 0.4069609398283655 0.033278293763672445 9.013882231841443
1617104328513613939 0.4028832595415837 0.4250409917386375 9.155246930250653
1617104328580405712 0.10804764551398022 -0.5417420564280111 8.532256622420038
1617104328646963596 0.6722955123340439 -0.3050038761798254 8.510140253141401
1617104328680236816 0.8072633918210715 -0.948987703770279 7.651090451406522
1617104328747020959 0.4986180914216698 -0.7482518500605609 8.559664493182392
1617104328813497543 -0.06447445908083668 -0.536710780053907 8.170202183239306
1617104328847247600 0.5373547672565212 -0.17391254667523517 8.475416958909024
1617104328913540601 -0.08339807386239768 -0.3337382746095797 8.106363781172805
1617104328946885347 1.1540838595840563 0.09501649624475368 8.393785145540853
1617104329046883583 -0.11127336586185552 -0.10628620570085867 7.947685882827121
1617104329080290794 0.15738542715914108 -0.3354889758815133 8.47714478522546
1617104329147170305 0.20626012301498803 -0.26668878131665824 8.790269670983777
1617104329213429212 0.5933255427489443 0.30033178119299436 8.779308349582786
1617104329246968746 0.11731408842216737 -0.15882389681219075 8.755989322540135
1617104329313526868 0.34174257669494695 -0.09460224527373304 8.624202434812528
1617104329346900701 0.2321379900303753 -0.13384586406900464 9.088677307610611
1617104329446896314 -0.1632584430261023 0.003843386877443282 9.589993106139092
1617104329480479717 0.7878839800357926 0.7458084391730696 9.684440150034202
1617104329546899318 0.7023488286234512 0.3585303112803156 10.463223033142565
1617104329613771915 1.0184549464579575 0.12484022840756008 9.740234953609171
1617104329680279254 1.0447471909049488 0.13173102680806115 9.990790413894814
1617104329713666677 -0.20440901710290582 0.32350195644186636 9.18288506295182
1617104329746968746 -0.12204869667238902 0.21640297983866458 9.685734268129062
1617104329846951007 -0.05795270332678981 0.23078370893184888 9.769400792681504
1617104329880143165 0.8889907259490492 0.21514118707761476 10.332744462063722
1617104329913527965 0.030236206401189222 0.3780307547904277 9.959195713378383
1617104330013511896 0.22100948793067096 0.016490044157829842 10.117600297969785
1617104330046909332 0.15752129546062923 -0.20556640430498738 9.543953398271197
1617104330113521337 0.8719925811580537 0.18240100031972595 10.469323118874385
1617104330180196762 0.10214524339572936 0.27966917896047916 10.003258948578692
1617104330213423728 0.43057239393188407 0.19737956715208926 9.30781096470457
1617104330280465364 0.4160316695142147 -0.401018846549719 9.516322729908476
1617104330347102880 0.22657746362509826 0.2584148997137259 9.628001091354298
1617104330380202531 0.4860849202059142 0.23976618556252047 10.316242593419773
1617104330480185747 0.8876760303479303 0.2597264881538913 10.828893635582943
1617104330513774633 0.0546106577854396 -0.21305777986694915 8.98599141864737
1617104330580295562 0.45729229574452246 -0.2304602454915169 10.908637464709345
1617104330613507032 -0.2582336739829988 0.3886690545976987 11.142230201831225
1617104330680222749 -0.0031161402481640153 0.2468006872335304 10.833484467086297
1617104330713669776 0.32062918393294176 0.5833332626458598 12.450267349064159
1617104330780188560 -0.5153119771965892 0.15403478847028054 11.696377452535874
1617104330880188941 -0.5155302074277142 0.544332796843056 12.018046996522484
1617104331346997499 -2.6397733335345595 0.07485420137145539 10.010997638840417
1617104331446966409 0.5029118214405278 0.10253857049246208 9.664690513461366
1617104331480225563 -0.33088230938830215 0.645917839566337 10.083257362217907
1617104331513545513 0.627554545219081 2.1962016300583747 10.383847272361699
1617104331580591678 0.783622487587118 1.1663618661445747 10.702802921332577
1617104331646821260 0.4066926671380088 1.1976725424360442 10.703867705471234
1617104331680551052 -1.219360634350634 -0.22664997212022817 9.593146254731915
1617104331780122995 0.5189698359596636 0.026338525376654973 8.741829831745827
1617104331880132675 0.6207266963298674 0.5229813571077064 10.229236965874781
1617104331913793325 -0.16263172600854786 0.0033576193267534846 9.785802634417433
1617104331980045795 1.3742851386916772 0.4679276600438671 8.741174421493268
1617104332013517856 0.7636172946327187 -0.17808227195508583 9.459726309266877
1617104332113430023 -0.3089418673880105 -0.6386775095945372 8.291914173999531
1617104332146923542 1.4376931329341018 0.6906062634444775 10.330476422087086
1617104332213793754 0.12710420802715167 0.21207093580370218 9.1961511025118
1617104332280298948 0.27577996671005217 -1.0831623107203365 8.93014598155035
1617104332313413143 0.038827598940141164 -0.19098254526261213 8.956811595513013
1617104332380156517 0.34935018373073146 -1.1623319503383926 9.138130275975293
1617104332447142601 0.5763228436586032 -0.32986442392567145 7.3812262208790775
1617104332513586282 0.4719638235531647 -0.8225263236538105 7.535704535227269
1617104332547148227 0.11733022372071153 -0.20359420846555892 8.182316293676122
1617104332613574504 1.2360589219238405 -0.1714495509870977 7.758982747428122
1617104332646851062 0.4118301264249606 -0.7457367967902226 7.918466378333112
1617104332746984004 0.8273367617876382 -0.62496904169326 7.818092319339034
1617104332780213356 1.2722538196614026 -0.574496918482753 8.400437847335201
1617104332813521623 0.5518744069746488 -0.12436616214614775 8.267887396653304
1617104332913521051 1.949024914937616 0.18803166505992638 10.214657808812268
1617104332947129011 1.3940620942730677 -1.101522769414775 10.634580160308504
1617104333046959400 1.1959357829132522 -0.37943882870757384 11.284199197590228
1617104333146855115 -0.9329380544214996 -1.4417067831632118 10.730935899351831
1617104333180250167 -1.7352678804601818 -0.37889282727644985 10.70363434059013
1617104333213539123 0.8159106750699316 0.7251531149228758 10.517577296469906
1617104333313515424 2.6622578372273034 0.11330665648222668 11.253460783781964
1617104333347173929 -0.4876742992964014 -1.692318208688751 10.200008744874863
1617104333413534641 -1.4489228014564761 0.04186963760499524 9.858386194134628
1617104333446866989 0.14035750886059792 0.8985945173005758 9.722642587106222
1617104333546838760 -0.452100358541382 -0.5023010445604814 9.596684710717682
1617104333580315351 0.017471331624214857 -0.9095201410879713 10.769190263640928
1617104333646939992 0.49163154754168437 0.13052141699789047 9.038738966865319
1617104333713598012 0.08942191220745538 0.24839492400981644 8.433903255744614
1617104333746971607 0.18289868245970076 0.12951149976989182 8.564915971587995
1617104333846916913 -0.06785680202690592 0.0013789535559696822 7.860793647154105
1617104333880582809 0.41880390496876363 0.09639667546056274 8.114151036203042
1617104333946897268 0.8045354184949054 0.48057081493738807 7.7695001324883926
1617104333980462074 0.3871684553576303 0.014869075354775826 7.696738274269924
1617104334046834468 0.08572315910544692 0.28718621208881934 8.194581047674856
1617104334080296277 0.3990076494153857 0.27380327085210776 7.618113977661778
1617104334180677175 -0.14803933270791694 0.570265149568222 8.031767647660821
1617104334213868379 0.9447880430504958 0.20819359282120445 7.507091027978837
1617104334280707597 0.31513588372556756 0.4883892846337397 9.08165622205771
1617104334313585996 0.44755066229039053 -0.06640500392886622 9.673743931590137
1617104334413112878 0.5140744696696532 1.0378086422611337 10.433504884632097
1617104334513643503 -0.0007071017293203696 0.12024950977579793 9.187835081341564
1617104334547176361 1.157659877520796 0.957661440705564 10.278693957662883
1617104334646903991 0.5889990537225426 -0.14191597633451034 8.760183752912429
1617104334747456073 -0.13211660124897523 -0.5069720093518185 9.825654344031086
1617104334780480861 -0.6598473620710139 0.32899860082035337 8.777602117837585
1617104334847184896 -0.5114088169949514 0.06405718185961454 8.807189085675297
1617104334913406133 -0.6009175376576088 0.7927003856036428 9.679909440550006
1617104334946851730 -0.9864299033726553 -0.020562974277131017 9.272828718348013
1617104335013500690 -0.16442986977099708 1.005317659854378 10.459498298061733
1617104335047190427 -0.1790459032518021 0.8875909151947079 10.331085681522886
1617104335146958351 0.035205821812812545 0.1580812643063007 9.510335512008389
1617104335180224418 0.08309927276593594 -0.16746814254277 8.785301113828664
1617104335213477611 -0.2888045382108104 -0.7027218821404314 10.0588029061955
1617104335313393592 0.1104306845206204 0.29815190773504935 8.58049136223213
1617104335413851022 0.4219536301752097 0.6617530916157935 9.572604482832872
1617104335446740150 -0.09021623732516199 0.1521987985951828 9.32934219421073
1617104335480194330 0.024488586819128022 0.44701773582984006 9.504549464812518
1617104335580304384 0.800514533124565 0.4884741291380231 10.319660339326699
1617104335613470315 0.5838956584094301 1.0046389455709472 9.327556232084891
1617104335680395126 1.283751434764605 0.10294989550745802 10.147251505218154
1617104335746848583 0.5190359059057019 -0.8006513497833 9.358110466152123
1617104335780301094 -0.027304015724960537 0.5910431021936436 9.330193787032469
1617104335880200147 -0.12989949477587517 -0.45991183273599945 10.720047862081305
1617104335946929216 0.21744718404294736 -0.3007567712751754 9.790627359036625
1617104336013512134 0.4041254014213658 -1.22105386479044 10.20332759128991
1617104336113526821 1.619653347609172 0.07239870843631088 10.407815046393598
1617104336213469028 1.0610315431028499 -0.38583831077632974 9.905679284558873
1617104336246879339 0.8289991986767604 -0.028587829606418702 8.820578410598538
1617104336280186176 0.4270692845507309 -0.5610198190705515 9.566113414706313
1617104336380196571 0.1342815541547466 -0.507002480309782 8.770173740498228
1617104336413517475 0.5272285827953773 0.2750917465036413 8.597266351028972
1617104336513477325 0.8679417269986215 0.3599057141858165 9.926241774266117
1617104336580295324 0.3449093404162943 0.24275895738788092 10.11605713669482
1617104336646939277 -0.056937621044003794 0.006789064479966342 10.055170029305721
1617104336713776111 -0.27214935370352283 0.9959250581911531 11.226387495689895
1617104336780246734 0.05130145875377492 0.1401503902927405 10.939535091143163
1617104336813523530 0.9383922936135128 0.33577459124739895 12.828510206174728
1617104336913665056 -0.06276791856277372 0.18694532048421333 10.970932724648085
1617104336947030544 0.08738503532735906 -0.5973652093229438 12.040813590590231
