1617706820473330974 3.68400001526
1617706820540288925 3.53200006485
1617706820606635093 3.55500006676
1617706820640105962 3.54099988937
1617706820706804990 3.53600001335
1617706820773808956 3.51300001144
1617706820806857109 3.45799994469
1617706820906542062 3.51799988747
1617706820940254926 3.51799988747
1617706820973334074 3.50200009346
1617706821073318958 3.53200006485
1617706821106918096 3.61500000954
1617706821173491954 3.62700009346
1617706821206844091 3.59699988365
1617706821273391008 3.7009999752
1617706821373374938 3.81200003624
1617706821473279953 3.86299991608
1617706821506552934 3.91799998283
1617706821540160894 3.91799998283
1617706821607064008 4.07100009918
1617706821673449993 4.12400007248
1617706821706778049 4.12400007248
1617706821806905984 4.33199977875
1617706821840146064 4.37400007248
1617706821873460054 4.38800001144
1617706821940448999 4.4359998703
1617706822006932973 4.52600002289
1617706822040695905 4.58199977875
1617706822106928110 4.67399978638
1617706822206773042 4.70699977875
1617706822240212917 4.73199987411
1617706822273349046 4.73199987411
1617706822373590946 4.75500011444
1617706822407012939 4.80200004578
1617706822473751068 4.79899978638
1617706822506587028 4.76700019836
1617706822573292970 4.8060002327
1617706822640081882 4.82000017166
1617706822673532962 4.77099990845
1617706822773849010 4.78100013733
1617706822807017087 4.6810002327
1617706822873874902 4.67399978638
1617706822940076112 4.58599996567
1617706822973305940 4.59299993515
1617706823040401935 4.47100019455
1617706823107022047 4.52199983597
1617706823140348911 4.43400001526
1617706823206764936 4.28100013733
1617706823273495912 4.17899990082
1617706823306798934 4.17899990082
1617706823406723022 3.91100001335
1617706823440124988 3.8900001049
1617706823473298072 3.89299988747
1617706823573512077 3.86299991608
1617706823606945991 3.65899991989
1617706823673757076 3.67100000381
1617706823706722974 3.67100000381
1617706823806682109 3.54999995232
1617706823840167999 3.35599994659
1617706823873425006 3.39100003242
1617706824306818008 3.39299988747
1617706824340518951 3.38800001144
1617706824406668901 3.37199997902
1617706824440222978 3.39100003242
1617706824540621995 3.40700006485
1617706824573760986 3.44600009918
1617706824640260934 3.53900003433
1617706824673793077 3.53900003433
1617706824773444890 3.6099998951
1617706824806763887 3.61500000954
1617706824873398065 3.75600004196
1617706824906542062 3.75600004196
1617706824973500967 3.8599998951
1617706825006860017 3.94799995422
1617706825073497056 4.08199977875
1617706825173413038 4.19600009918
1617706825240468978 4.257999897
1617706825306740999 4.26499986649
1617706825340079069 4.36899995804
1617706825440237045 4.46400022507
1617706825540292024 4.45900011063
1617706825573630094 4.56300020218
1617706825640438079 4.62099981308
1617706825706619977 4.67000007629
1617706825740082979 4.6970000267
1617706825806802988 4.75500011444
1617706825840225934 4.78800010681
1617706825940244913 4.85699987411
1617706825973843097 4.89400005341
1617706826040208101 4.89400005341
1617706826073605060 4.9470000267
1617706826140290975 4.95399999619
1617706826206840991 5.01000022888
1617706826240417003 5.02799987793
1617706826340502023 4.94299983978
1617706826373670101 4.92600011826
1617706826440217018 4.86899995804
1617706826473504066 4.88500022888
1617706826540143013 4.86199998856
1617706826573704957 4.87599992752
1617706826640563964 4.80399990082
1617706826740048885 4.86199998856
1617706826840331077 4.63500022888
1617706826873341083 4.66300010681
1617706826906584978 4.66300010681
1617706827006779909 4.59600019455
1617706827040435075 4.47800016403
1617706827106998920 4.42700004578
1617706827140506982 4.40100002289
1617706827240952014 4.34399986267
1617706827273736000 4.18400001526
1617706827340151071 4.13100004196
1617706827373641014 4.05000019073
1617706827473774909 3.93000006676
1617706827507438898 3.93000006676
1617706827573841094 3.78600001335
1617706827606983900 3.6819999218
1617706827673774957 3.57299995422
1617706827740180969 3.45600008965
1617706827773544073 3.36999988556
1617706827873812913 3.34699988365
1617706827907275915 3.34699988365
1617706827974258899 3.32100009918
1617706828006994009 3.30500006676
1617706828106698036 3.24300003052
1617706828140270948 3.20300006866
1617706828173739910 3.20799994469
1617706828240700960 3.18499994278
1617706828340460062 3.24000000954
1617706828406673908 3.17600011826
1617706828506853103 3.24699997902
1617706828607029914 3.26799988747
1617706828640772104 3.25
1617706828706742048 3.32399988174
1617706828740292072 3.30500006676
1617706828806762933 3.31900000572
1617706828873822927 3.26399993896
1617706828907139062 3.26399993896
1617706829006664991 3.2539999485
1617706829040127992 3.31699991226
1617706829073390960 3.31200003624
1617706829140248060 3.29099988937
1617706829206957101 3.27500009537
1617706829273730039 3.22199988365
1617706829307235002 3.22199988365
1617706829406689882 3.2539999485
1617706829473500967 3.22699999809
1617706829540163040 3.22699999809
1617706829606767892 3.28699994087
1617706829640450954 3.34400010109
1617706829740852117 3.4279999733
1617706829773580074 3.42499995232
1617706829806709051 3.49300003052
1617706829873430967 3.5759999752
1617706829940342903 3.5759999752
1617706830006757974 3.80200004578
1617706830073709011 3.96900010109
1617706830106986999 3.96900010109
1617706830207385063 4.02899980545
1617706830240390062 4.09200000763
1617706830307079076 4.07299995422
1617706830340280055 4.07299995422
1617706830406636953 4.11499977112
1617706830473457098 4.23000001907
1617706830506773948 4.23000001907
1617706830606602907 4.33400011063
1617706830640259981 4.3140001297
1617706830740194082 4.31599998474
1617706830806792974 4.32700014114
1617706830873555898 4.34100008011
1617706830940232992 4.33199977875
1617706831006637096 4.30200004578
1617706831040148973 4.28599977493
1617706831106642961 4.34399986267
1617706831140048027 4.25600004196
1617706831240262031 4.16800022125
1617706831273449897 4.19799995422
1617706831673592090 3.71199989319
1617706831740115880 3.68000006676
1617706831806870937 3.54999995232
1617706831840256929 3.54800009727
1617706831906915903 3.53900003433
1617706831973375082 3.43499994278
1617706832006618976 3.35100007057
1617706832073421955 3.32100009918
1617706832140244960 3.30500006676
1617706832206922054 3.35400009155
1617706832239943981 3.40199995041
1617706832306734085 3.3259999752
1617706832373465061 3.3789999485
1617706832406682014 3.36800003052
1617706832439927101 3.40700006485
1617706832506717920 3.38100004196
1617706832606957912 3.26600003242
1617706832640185117 3.33999991417
1617706832706726074 3.48799991608
1617706832740046977 3.66400003433
1617706832840055942 3.77500009537
1617706832906797885 3.85800004005
1617706832973411083 3.93700003624
1617706833040061950 3.99699997902
1617706833073528051 4.05900001526
1617706833173566102 4.15600013733
1617706833206661939 4.19999980927
1617706833240026950 4.28100013733
1617706833340286016 4.35699987411
1617706833373765945 4.40100002289
1617706833406908988 4.54899978638
1617706833507060050 4.65999984741
1617706833540481090 4.65799999237
1617706833607187986 4.6810002327
1617706833640392065 4.77400016785
1617706833707321882 4.80200004578
1617706833806901931 4.80200004578
1617706833873547077 4.85699987411
1617706833973758935 4.86600017548
1617706834007244110 4.86600017548
1617706834040267944 4.85900020599
1617706834106825113 4.88700008392
1617706834173979997 4.8220000267
1617706834241341114 4.89599990845
1617706834307120084 4.94999980927
1617706834340806961 4.90799999237
1617706834407186985 4.95399999619
1617706834440241098 4.89200019836
1617706834540184020 4.90600013733
1617706834573856115 4.85200023651
1617706834640830039 4.84299993515
1617706834673784971 4.82899999619
1617706834740147113 4.84299993515
1617706834806703090 4.80399990082
1617706834840255975 4.82000017166
1617706834906996011 4.76200008392
1617706834973802089 4.67899990082
1617706835007024049 4.65100002289
1617706835106868982 4.53100013733
1617706835140346050 4.52600002289
1617706835173469066 4.48699998856
1617706835240629911 4.4359998703
1617706835340507984 4.35500001907
1617706835373481035 4.29300022125
1617706835907175064 3.78900003433
1617706835940620899 3.72399997711
1617706835973886966 3.64700007439
1617706836040123939 3.53900003433
1617706836106759071 3.49499988556
1617706836140382051 3.4279999733
1617706836240340948 3.30500006676
1617706836307293891 3.27500009537
1617706836406630992 3.19400000572
1617706836440190076 3.15899991989
1617706836506923913 3.07899999619
1617706836540399074 3.08800005913
1617706836607392072 3.125
1617706836706780910 3.14100003242
1617706836773448944 3.19000005722
1617706836873883008 3.22399997711
1617706836907255887 3.22399997711
1617706836973957061 3.31200003624
1617706837007239103 3.375
1617706837107320070 3.43700003624
1617706837173927068 3.56200003624
1617706837240489959 3.68000006676
1617706837307099103 3.81399989128
1617706837340389013 3.78399991989
1617706837440363883 3.96700000763
1617706837474001884 4.10300016403
1617706837540533065 4.08699989319
1617706837573890924 4.13999986649
1617706837673722028 4.4889998436
1617706837740530967 4.49900007248
1617706837807180881 4.65600013733
1617706837873688936 4.88500022888
1617706837940803050 4.8109998703
1617706837973772048 4.882999897
1617706838040369987 4.96099996567
1617706838106997966 5.03700017929
1617706838140485048 5.10799980164
1617706838207242012 5.15999984741
1617706838306961059 5.14900016785
1617706838407152891 5.26900005341
1617706838440392017 5.28100013733
1617706838507286071 5.33300018311
1617706838573982954 5.34000015259
1617706838607203960 5.29699993134
1617706838673829078 5.34000015259
1617706838740401983 5.23699998856
1617706838807327032 5.31699991226
1617706838841057062 5.25299978256
1617706838907104015 5.18699979782
1617706838974272966 5.20599985123
1617706839007251024 5.15999984741
1617706839073699951 5.14599990845
1617706839107348918 5.14599990845
1617706839207185029 5.07600021362
1617706839240381956 5.08500003815
1617706839273663997 4.95399999619
1617706839340331077 4.95200014114
1617706839407226085 4.89599990845
1617706839473534107 4.79500007629
1617706839540374040 4.8109998703
1617706839573556900 4.66699981689
1617706839673639059 4.59999990463
1617706839740871906 4.50299978256
1617706839807070016 4.35500001907
1617706839840648889 4.90799999237
1617706839940247058 4.60699987411
1617706840007154941 4.38800001144
1617706840073781967 4.22800016403
1617706840140337944 4.16300010681
1617706840207515001 4.0640001297
1617706840273896932 4.06599998474
1617706840307040929 4.06599998474
1617706840373914003 4.05200004578
1617706840407151937 4.07299995422
1617706840473825931 4.10099983215
1617706840540683984 4.09800004959
1617706840607160091 4.17000007629
1617706840640408992 4.22800016403
1617706840740516901 4.48199987411
1617706840774013996 3.88599991798
1617706840840558052 4.13100004196
1617706840873886108 4.17000007629
1617706840940360069 4.19600009918
1617706841007024049 4.23000001907
1617706841040371894 4.23699998856
1617706841107245922 4.257999897
1617706841173861026 4.26499986649
1617706841240613937 4.39900016785
1617706841273987054 4.34399986267
1617706841374269962 4.38999986649
1617706841407316923 4.34100008011
1617706841440268039 4.35500001907
