1617104315946816444 -0.35263268311546914 0.23218382437977544 0.35651110960812177
1617104316013495445 -0.3644395615759746 0.23343746958636 0.36739098532695086
1617104316046937704 -0.3686162802577011 0.233273277810558 0.3722591373873414
1617104316113364458 -0.37430724198301013 0.23061107538459039 0.3818308626913145
1617104316213424921 -0.37150593026788864 0.22236078584034996 0.3900321978191389
1617104316247019052 -0.3666339643354125 0.21736359059443652 0.39225923320184786
1617104316313366174 -0.3551778549469115 0.20863937173248043 0.39383602860078737
1617104316346755981 -0.34431444628618657 0.20204119925032038 0.39354181588733383
1617104316413377285 -0.3235178327363262 0.19090093345140072 0.39256822245795625
1617104316480095624 -0.2916262641469336 0.1766916355449283 0.38984933138979466
1617104316513489723 -0.2751221614781106 0.17031773437418798 0.38872630394297275
1617104316613353252 -0.20944858128327012 0.14831301573395309 0.38400828821872574
1617104316647067308 -0.18595164087254443 0.14162421066961764 0.38290686815654285
1617104316713434696 -0.12520565862675295 0.12600047419824825 0.3810175083528862
1617104316746768236 -0.08659870115656212 0.11728949773485829 0.3799496254570484
1617104316846794843 0.021839585203188874 0.09594739251182267 0.37838425791529967
1617104316880143404 0.05711961867857754 0.08962847974591298 0.37793495573964064
1617104316913485288 0.09386778781243083 0.0833782857782022 0.3773737072967398
1617104317013350248 0.22103639562886385 0.06285173471232015 0.3757053686186166
1617104317046864748 0.2601596772085631 0.05676792247668749 0.37525612758865223
1617104317080196857 0.3132949826420018 0.04860603931449566 0.37493832822675116
1617104317146721839 0.3938300194715632 0.03647632671634766 0.37584666867938327
1617104317213398456 0.4860961923766608 0.02253171668954117 0.3781402159775177
1617104317246970653 0.5246447307475406 0.016602898096827096 0.37962507455186123
1617104317346689224 0.6463269284216459 -0.0023928467235332673 0.3860242179471242
1617104317413400650 0.723416575452206 -0.015102549919701433 0.39104446218123445
1617104317513353109 0.8182769796328282 -0.032095385246484046 0.3979660159686727
1617104317546975135 0.8426288104464651 -0.03690001794122486 0.400368107436611
1617104317613412618 0.8912038663592071 -0.047702486915130154 0.4059039651919563
1617104317646803855 0.9086513052570656 -0.0520314475061545 0.4081146604498567
1617104317746526718 0.9492033191658131 -0.0661007927642957 0.4147579741532365
1617104317846576690 0.9644707095409739 -0.07967703556813974 0.41899851661271287
1617104317880369663 0.9635142974395322 -0.08510417776143979 0.4195338763051951
1617104317946763277 0.9545285178005318 -0.09347579682084108 0.41982080468119326
1617104317980025529 0.9435549882503822 -0.09928085082237441 0.41911396983684135
1617104318079798221 0.8993631140665828 -0.11423522143189509 0.41561371342492115
1617104318113409280 0.8814327211615314 -0.11895385172554485 0.41374727421522445
1617104318179760694 0.8320211007878555 -0.13047531852211355 0.40891295543735406
1617104318213004112 0.8072426868548739 -0.13557509599283254 0.4064378302643348
1617104318313414573 0.7109331348358884 -0.1537180203735918 0.3967892228799444
1617104318346913099 0.6778503380564349 -0.1594018313211794 0.3932669622334028
1617104318413747787 0.5934880819413448 -0.1733154739630201 0.38468194246595155
1617104318446781873 0.5544257480292792 -0.17953882965851298 0.3807367029465562
1617104318546911716 0.4116832711141052 -0.2011832076345007 0.3649606609775132
1617104318580217361 0.3495464442497857 -0.21024743071400137 0.3578162372187345
1617104318646839141 0.2527024055001285 -0.22409987678574067 0.3465788736066349
1617104318680111169 0.18649131678551842 -0.2334811909411481 0.33950955646755265
1617104318747059822 0.08449563916680325 -0.24761998237968574 0.32836510849605194
1617104318813806533 -0.034364002202024554 -0.2638124425646428 0.31621065482459143
1617104318846985816 -0.08485083902801206 -0.2707087891555177 0.3112038401570808
1617104318946825742 -0.24591503747241497 -0.29268094221833035 0.2979198009920868
1617104318980408430 -0.30631227161240615 -0.30121449608039125 0.2942852878713761
1617104319046772480 -0.39024532033459614 -0.3134580752526665 0.29063240581597366
1617104319080024003 -0.4420019790877678 -0.3215206481276357 0.28903000086579655
1617104319147067546 -0.5123857797963447 -0.33355000769080556 0.2876689546565387
1617104319213425874 -0.5831040614991763 -0.3474631301064651 0.287660916164078
1617104319246854066 -0.6096990501042119 -0.35349733546362394 0.28789339054769186
1617104319346654415 -0.6808681379823961 -0.3736023451247062 0.29131966024708544
1617104319746700048 -0.7098769671169273 -0.4421218938198835 0.33569026554607895
1617104319847296953 -0.6596711797758968 -0.45078092196452557 0.3543196513680639
1617104319880409717 -0.6339734103309431 -0.4528032562636598 0.36272257264408647
1617104319946780204 -0.5816089873741292 -0.45424641129308735 0.3782909573955846
1617104319980120182 -0.5563767893257613 -0.4540404515699966 0.3854648468111471
1617104320046831607 -0.5011430170696223 -0.4520151554690069 0.40105385093011625
1617104320113458871 -0.4292652639055063 -0.44717547418085035 0.42028651559639707
1617104320146896123 -0.3957943651405021 -0.444207698891926 0.42914421430696736
1617104320246671199 -0.27426486904765507 -0.4304249545241338 0.4601373155204933
1617104320280467510 -0.22172764243172352 -0.42342592865182865 0.47356948772682145
1617104320346751689 -0.14138267457453524 -0.4121309332483081 0.4941072888803177
1617104320380149364 -0.08676198063482125 -0.4040089833915754 0.5079791433654792
1617104320446998596 -0.0029617515596237604 -0.3909727582695432 0.5310423451991211
1617104320513468742 0.09460566548480089 -0.37520881008358525 0.5603363288943933
1617104320546779394 0.1358174327510951 -0.3684865567564934 0.5737251999420573
1617104320646746873 0.27896413124298386 -0.3413819579451868 0.619068475585934
1617104320680461645 0.3157165693384917 -0.3336707450316166 0.6329156760450098
1617104320746809005 0.3856187883135324 -0.31679515156569715 0.6613794113429853
1617104320780158519 0.42905633743930666 -0.30443152463862844 0.6820565230623261
1617104320813502550 0.4601802546019816 -0.2943615842595861 0.6983775529650973
1617104320880156278 0.52630379560896 -0.2678346430888283 0.7363424347674691
1617104320946632146 0.576331059312513 -0.24142699699717482 0.771244371824047
1617104320979767799 0.6059594127761003 -0.221909017820226 0.7957693613406465
1617104321079980134 0.668730816422774 -0.1680196408872812 0.8655401584553872
1617104321113663434 0.6849458214484081 -0.150664822026987 0.8872509902778687
1617104321179982900 0.718848296823748 -0.10899639835650254 0.9318259844101167
1617104321213310241 0.732075578497894 -0.0908553340386507 0.9486608505201818
1617104321280375003 0.7603992329026444 -0.04853230172350917 0.9820530278698479
1617104321346874475 0.7823986727615556 -0.012554369201774147 1.0032024630131051
1617104321379910707 0.7960954733979027 0.011135294038449983 1.0135840505198832
1617104321446779966 0.8170508666647084 0.05146934158044368 1.0241957400294692
1617104321513447999 0.8330881768795294 0.0849540787359259 1.0266310538001409
1617104321546893119 0.8402280755998739 0.10131002509137176 1.0256482836475662
1617104321646778106 0.8589408421543061 0.1531469169547464 1.0108724948619117
1617104321680147886 0.8635082725911297 0.1729190682398534 0.9997459465870153
1617104321747106790 0.8667905506771483 0.20098834779925653 0.9812787622732155
1617104321813401699 0.8640518650716764 0.23075972334197178 0.9640465276455814
1617104321847037553 0.8603261842248474 0.2426999630732834 0.9574153073619786
1617104321913441419 0.8449262333908574 0.2682523130866557 0.9436643701166677
1617104321946887254 0.8356098715550351 0.2781865222880114 0.9390996038988456
1617104322046763181 0.7919590239325872 0.30690853385578 0.92623110481728
1617104322080350399 0.7691734031624432 0.31654741832715677 0.9220302951682441
1617104322146794319 0.729469814430674 0.32877331019313144 0.9170241071552934
1617104322180289983 0.6989780711651833 0.3354554972793739 0.9141814395295056
1617104322280165433 0.6099827940678277 0.3476099910506748 0.9088961745176615
1617104322346787691 0.5370550620076222 0.35232425031703896 0.9079786314657378
1617104322413725137 0.46761926850339497 0.3539800160644716 0.9084928267714693
1617104322480209589 0.37937992078109856 0.35350737513815783 0.9105340894016268
1617104322513362407 0.33925810211106977 0.3523916690624978 0.9122724686909305
1617104322580127477 0.24019490621215842 0.34781046853180536 0.9170580369763555
1617104322646830558 0.15083382847402466 0.34212820825151413 0.9221307086046084
1617104322713487625 0.04198344551816376 0.3335539673758834 0.930366419148262
1617104322746772766 -0.005690438268848519 0.3292887096270809 0.9344506596264133
1617104322813500165 -0.11900944532436032 0.3184495789890575 0.9451107238336304
1617104322846812963 -0.16776485726255214 0.31333931124882425 0.9506869603645125
1617104322913329839 -0.2795980591005089 0.3003055606084306 0.9674357803687992
1617104322980156421 -0.3866439903022638 0.2855717108752795 0.988034037215085
1617104323046737432 -0.4726259592980469 0.2709096358865972 1.0076203089809868
1617104323113354682 -0.563698669702172 0.2507775363956385 1.0316991673535423
1617104323147068500 -0.5992646560810242 0.24113234094278582 1.0414916555677904
1617104323213403940 -0.672916651535185 0.21569221537545785 1.063845326127927
1617104323246813774 -0.7004288697124337 0.20308521568818794 1.0734038829719308
1617104323346766948 -0.7732334613390642 0.15409378997715772 1.10312397912941
1617104323380306720 -0.793878977672899 0.13112628627409442 1.1146299378785665
1617104323446686983 -0.8164502548468805 0.09371266610328434 1.13038400879898
1617104323480416774 -0.8272621532407736 0.06775336734071695 1.1380829909590267
1617104323580098390 -0.8412334360970073 -0.001660372480069559 1.1538341760410395
1617104323613734722 -0.8414381634594608 -0.02367368165952457 1.160152645499409
1617104323680195808 -0.8379320649813071 -0.07488564694436223 1.176226913617534
1617104323713635444 -0.8351181715541693 -0.09654758128097377 1.184154542386984
1617104323813348531 -0.8241408920772287 -0.1645360253135031 1.212944125949952
1617104323880016088 -0.8164936000531676 -0.20702090992668837 1.2368592647950147
1617104323980127334 -0.8074432817780719 -0.2584562189245106 1.2679944872302358
1617104324013490915 -0.805395657258587 -0.27160727406390356 1.2753972107823628
1617104324046957969 -0.8034466274755381 -0.2837825710296474 1.2810089443719785
1617104324146778821 -0.7982921100179867 -0.3173676511737715 1.2846502912720579
1617104324180204391 -0.7969079819404179 -0.3280300733723521 1.279117255515126
1617104324246779203 -0.7951601160539584 -0.3409678332505381 1.2638524711594685
1617104324280117034 -0.7945146304382261 -0.34779316012417 1.248999827840254
1617104324346810579 -0.7938938354555569 -0.3553937867711021 1.2199017946193704
1617104324380133152 -0.7936349852879343 -0.35866978409787614 1.1966268900925898
1617104324480150938 -0.793061088998489 -0.36040387005637353 1.1324716653977231
1617104324513668060 -0.7923940744468378 -0.3591943885122551 1.113128678387109
1617104324580033302 -0.7885204121059747 -0.3535709196019278 1.068530896385802
1617104324613449811 -0.7858569750846712 -0.35001477272826964 1.0488094923373397
1617104324680135250 -0.7756236349253708 -0.3390793448724043 1.0019058497138482
1617104324780250310 -0.7494859753370007 -0.31769157166781614 0.9340190789690324
1617104324846715211 -0.7210356470625415 -0.2989390091920243 0.8870594812296044
1617104324946767091 -0.6702939555591411 -0.2699878100944311 0.8283482230837267
1617104325046756505 -0.5960610362612059 -0.23210221117575855 0.7648187276025306
1617104325080307960 -0.5610096288076906 -0.21524619494522876 0.7407012387666913
1617104325146740913 -0.5033559364352931 -0.18829564278131664 0.7050689953308114
1617104325180049657 -0.4612543184080329 -0.16911457445557987 0.6823689800016358
1617104325279982328 -0.3459602039514658 -0.11788410870448272 0.6281333934969844
1617104325313741683 -0.3085321336721397 -0.10168266486140892 0.6127683937368569
1617104325380087614 -0.2190135632797781 -0.06310531868020071 0.5779413912582464
1617104325413478851 -0.17975432009085782 -0.04637752513648602 0.5633921730597181
1617104325513777732 -0.04683726743978459 0.00963018271959676 0.5184909651171403
1617104325546966552 -0.0071458718472980605 0.02633621079696917 0.5061954517610084
1617104325613458156 0.08198099820787931 0.06483705335697283 0.47572237749023333
1617104325647023677 0.11853558077107382 0.08116538275763564 0.46288224625992375
1617104325746881246 0.22951182827629435 0.1339171228018243 0.4236703000255789
1617104325780352830 0.2680588998121172 0.1545775841934395 0.40973438561984793
1617104325846794843 0.31834506374510996 0.1852097190731795 0.39021814453099785
1617104325880434274 0.34702657948690374 0.20552499802373214 0.37833540145524996
1617104325980085849 0.39947782723779884 0.2558469786718924 0.349519899581711
1617104326013619661 0.40977174520623505 0.2706042400667162 0.34155135266552794
1617104326080055713 0.42540030947405755 0.30486298107184523 0.3227963695289989
1617104326113444805 0.42856568395279987 0.3193068214227279 0.315254208840865
1617104326180110931 0.4271729908797889 0.35207748632007446 0.29754529828190895
1617104326280205249 0.4065034793062405 0.3969975077813739 0.2727554858506667
1617104326313958644 0.39614002939601817 0.40976228475540993 0.2656125160591911
1617104326380050182 0.3647118618587614 0.4380107016346613 0.2513912233462821
1617104326413620710 0.3482832329965272 0.44945918808905555 0.2459071368801357
1617104326480340719 0.3038891897445334 0.47424746692317965 0.23507367555616435
1617104326513620853 0.28239589394385284 0.4841542775166009 0.23107399241180338
1617104326580104112 0.2266892666564853 0.5051571009559475 0.2243305215075206
1617104326646674156 0.17329889139186724 0.5207365895606803 0.22289939095916797
1617104326680172443 0.13516518762330043 0.5298181532077084 0.22416180144466671
1617104326780096769 0.03152881917199463 0.5481950900664925 0.23571624240782366
1617104327146783828 -0.3988366191865487 0.5695578110097607 0.3584793580707183
1617104327213432073 -0.47878924526737887 0.5633963039600648 0.39435302051917787
1617104327280146598 -0.5499515545485273 0.5519421768030923 0.43076450822102436
1617104327313568592 -0.5773631884438716 0.5452388178960607 0.44579946766426776
1617104327413524150 -0.6524574297369808 0.5142882009259433 0.493184093096138
1617104327447015285 -0.6695902302709508 0.5023444417576653 0.5063093067643321
1617104327513673305 -0.6986559193166199 0.4691772563575673 0.5359338906710143
1617104327546817064 -0.7064935716064297 0.45281274072513195 0.5479710440054207
1617104327646726369 -0.7122006279463526 0.38828002373636344 0.5862364716852135
1617104327746644020 -0.6875353669365111 0.3093801365620227 0.6213226441545893
1617104327780079841 -0.6693023177039171 0.2738575747146067 0.6345854090905803
1617104327846969366 -0.6333691430906195 0.2166314081536279 0.6539759253872289
1617104327913488864 -0.5797605474757227 0.14451445135524346 0.6749623300131131
1617104327946826219 -0.5531809614189734 0.11211161130239501 0.6834787165210447
1617104327980167865 -0.515280654259884 0.06806106141171153 0.6932796613283405
1617104328080139636 -0.41014752262764476 -0.04489151005948122 0.7131433565907703
1617104328113650321 -0.37627953013248316 -0.07896313555648306 0.7183367983027533
1617104328180042743 -0.293487485908257 -0.1581225283903845 0.7357274622459088
1617104328213483095 -0.25737378122755755 -0.19116334249316572 0.7451227978285005
1617104328313494205 -0.13598627610313815 -0.2939194208994971 0.7835315815305793
1617104328346994638 -0.09967068979136463 -0.3220361145449121 0.7966181510916177
1617104328413346767 -0.014916541225483644 -0.3825415723027496 0.83080082672125
1617104328446812868 0.02162905928402106 -0.4061956243776917 0.8464319218162584
1617104328513514041 0.10686715930294335 -0.4566931965424137 0.885374929667082
1617104328580304861 0.19090167093312552 -0.5018949571794535 0.9259179973576533
1617104328646863937 0.26187688598827363 -0.5361932967253654 0.9557195121519637
1617104328680133104 0.30877926196305944 -0.5574824073107661 0.973032225955402
1617104328746917724 0.377173783595145 -0.5872842040761693 0.9930223307952661
1617104328813395261 0.45385308025984267 -0.6184004904944544 1.007165488830769
1617104328846997499 0.4853763598772337 -0.6306018489150881 1.0103857986872304
1617104328913441419 0.5555878166977913 -0.6551812184809532 1.0100299711599816
1617104328946786880 0.5839801968803661 -0.6642419573883133 1.0081122671589566
1617104329046762704 0.6717162432086423 -0.6861168644581302 0.9916016544032324
1617104329080180644 0.7034943640960869 -0.6908596569477095 0.9806670077746635
1617104329147063970 0.7471644615235764 -0.6933075654675189 0.9611289785408909
1617104329213319778 0.791985932989044 -0.6884142814232015 0.9357924780612424
1617104329246855497 0.8090792596904747 -0.6837203216834005 0.9240817963636945
1617104329313417673 0.8442555408317006 -0.6669004198965355 0.8948972596108684
1617104329346790313 0.8574982470328516 -0.657262660378774 0.8816302645412273
1617104329446787834 0.8926787000918719 -0.6162111364953888 0.8347801387967533
1617104329480371713 0.90259918387646 -0.5964723348042653 0.8152085417588849
1617104329546796321 0.9133411903353731 -0.5635681865611085 0.7847417454710003
1617104329613662481 0.9189402203695564 -0.5210318168634221 0.7479598162530134
1617104329680171728 0.9165408749210996 -0.47483764621149194 0.7105408424286954
1617104329713558197 0.9131401010089667 -0.4541519314904947 0.6945133946884671
1617104329746861934 0.908154546813429 -0.4329662978995028 0.6789803620338334
1617104329846842288 0.8823056657313592 -0.360681171193805 0.6310716903251773
1617104329880005598 0.868768094398776 -0.33131991677097816 0.612829476001308
1617104329913425922 0.8575815648398151 -0.3091002986317072 0.5983895183135909
1617104330013400793 0.8151849152638054 -0.23593557562979328 0.5488566002686923
1617104330046802759 0.8016340317809383 -0.21440456363347501 0.5337868235354425
1617104330113423109 0.7690859588097945 -0.16492038165634187 0.498532022610499
1617104330180094957 0.7362049531589907 -0.11669698173404616 0.4633546185846827
1617104330213327169 0.7220219772419458 -0.09660386618870778 0.4485329431631347
1617104330280366182 0.6883495974508371 -0.05088440462194451 0.4136503067311473
1617104330346970319 0.659696532553372 -0.013240676266804264 0.38451826957787644
1617104330380101442 0.6400123593694376 0.010976496198269924 0.36481959174783735
1617104330480050086 0.5876932475374302 0.06762008149449178 0.31670696157367834
1617104330513678550 0.5714398149791386 0.08371647689002988 0.3024956771435423
1617104330580197095 0.5317863995722969 0.11969595490122603 0.2713904746610765
1617104330613409757 0.5140426750587561 0.13460777325824336 0.2586540518594792
1617104330680117130 0.47053721080017363 0.1682886800312799 0.23120473991710802
1617104330713573217 0.4507357309802897 0.18210915318288265 0.22119012536643126
1617104330780033349 0.4005754450893001 0.21359677542259176 0.20209098640970244
1617104330880085706 0.31757570674205976 0.2556193405494846 0.19221496397993232
1617104331346890926 -0.25311607162918487 0.41126569765742976 0.344235870054299
1617104331446867227 -0.4012851969483622 0.43567671586998746 0.4055579861965136
1617104331480117559 -0.4587401357414733 0.44430138450697476 0.4319949126853585
1617104331513446807 -0.5009271372592927 0.45018106886179876 0.45237854793057947
1617104331580446481 -0.5930825333014754 0.46130625269500575 0.5017105843474216
1617104331646723985 -0.6641562033016144 0.4682296278448341 0.5441288870479485
1617104331680405855 -0.7064086983500956 0.47106954766452275 0.572763061844943
1617104331779978036 -0.791104888436297 0.4720398109855316 0.644099826299205
1617104331880001068 -0.843544062639461 0.46314182960518924 0.7152136491802829
1617104331913692235 -0.8525165814245451 0.45847705207087724 0.7365253363233286
1617104331979940176 -0.8622102713894875 0.4441062576815261 0.7863600551192695
1617104332013420820 -0.8613728507916106 0.4364568860866877 0.8076103170897982
1617104332113331317 -0.8372641473184782 0.4042681513291194 0.8792257957766436
1617104332146827459 -0.8236902139148972 0.3927562323365941 0.9008129455239977
1617104332213695049 -0.7815495729828922 0.3622679528177902 0.9515177065143368
1617104332280175924 -0.7247750496756068 0.32748105546421213 1.0027315968544044
1617104332313315868 -0.6968362110690018 0.3114632790314791 1.0241788576317354
1617104332380026340 -0.6231568793525307 0.2719472723328274 1.07209461462936
1617104332447043657 -0.5517368018564861 0.23579317727138033 1.110497555198046
1617104332513487100 -0.46008413150146277 0.19156751526638827 1.1501319456226946
1617104332547049045 -0.41841134806042096 0.172137428204535 1.1645926861529599
1617104332613472223 -0.3165603688655362 0.12583003863566933 1.1930472484520156
1617104332646752119 -0.27087590860649813 0.10556794685195699 1.2028883119098235
1617104332746884822 -0.11123702374580889 0.03678500465013416 1.2251334697990914
1617104332780113220 -0.04412028775135592 0.008711161441527485 1.2296721690801025
1617104332813423633 0.00718974194968931 -0.01242866968648593 1.231434562871604
1617104332913416624 0.181809832302742 -0.08258465383742009 1.225967132747188
1617104332947025060 0.2346675460035343 -0.10367822850105712 1.2232493502767594
1617104333046855926 0.41227773877638124 -0.17144503543424336 1.2170840273078882
1617104333146743297 0.5832513723942155 -0.23278309657487498 1.2198694846093985
1617104333180139303 0.6475907417380121 -0.25422179520316973 1.2245327842128875
1617104333213438987 0.6938220493560914 -0.2689738076138823 1.2297003633517898
1617104333313413858 0.8346029415702378 -0.30719087575725507 1.2574216233756212
1617104333347075223 0.8725531506250329 -0.3151077038839315 1.2678674276085184
1617104333413432598 0.9526631806091742 -0.32679868570388354 1.2953019462051218
1617104333446768283 0.9834474543797581 -0.3288724640460793 1.3082537664136438
1617104333546738862 1.0714623627201465 -0.3227195361655307 1.3569251363690031
1617104333580215692 1.1003486134998566 -0.31472613862912946 1.3786784726817347
1617104333646797895 1.1370854374654558 -0.2968916944146044 1.4133838894486432
1617104333713496923 1.1710460224837098 -0.2678358065970625 1.4546665245362123
1617104333746829032 1.1826384810005035 -0.2531358514631084 1.4714622999835085
1617104333846775054 1.211110840249631 -0.19526735810885387 1.5221981980783006
1617104333880444765 1.218301497463659 -0.16884669776517042 1.5389259215462343
1617104333946759223 1.22521860263226 -0.12659930108753412 1.558319176597849
1617104333980324745 1.2273406587139535 -0.09678670268787307 1.5667622463044666
1617104334046736955 1.2274569194700249 -0.04984837140366339 1.5735395486179455
1617104334080195903 1.2251982244016744 -0.01734595103965153 1.5742570421121174
1617104334180540323 1.2126407128875636 0.06794090674790766 1.5625604794739298
1617104334213768959 1.2066360436675854 0.09449775674460927 1.5554319797972247
1617104334280566692 1.1888338899969544 0.15805639705456642 1.5318303789477157
1617104334313469409 1.1794501303689446 0.18592974427946266 1.5192625274031133
1617104334413046360 1.138594951546992 0.28160455332729145 1.47369346764561
1617104334513541460 1.081134256848575 0.3810302670743255 1.4275217546721237
1617104334547077894 1.0604135674105035 0.41151380781281105 1.4137757128533206
1617104334646802902 0.9798187831980966 0.5143063988888101 1.3678393450123918
1617104334747354984 0.8823888097038344 0.6179239932742555 1.321045113867603
1617104334780334234 0.8387647642082166 0.659015584384188 1.3024490278167165
1617104334847052335 0.7569373133884811 0.730111219348583 1.2695045899100716
1617104334913305521 0.6818230188046154 0.7892613699508947 1.2412312340241152
1617104334946753740 0.6428377786779127 0.818375697813472 1.2269379873805992
1617104335013398170 0.5488986925324515 0.883028429969814 1.1950463975795544
1617104335047092676 0.5078356674095179 0.9094278912031677 1.1817162898893065
1617104335146818399 0.3692972287240925 0.9909223533700883 1.1356553182413676
1617104335180124044 0.3146378241886918 1.0192804827580257 1.1177475544452273
1617104335213378906 0.27445992705212724 1.039555309227682 1.1044004237815737
1617104335313293933 0.1484002678680188 1.0967729623964826 1.0586325307537197
1617104335413751125 0.039749920794056794 1.137222315083751 1.0095972513504066
1617104335446641683 0.01143169044912037 1.1460622689567461 0.993985321363151
1617104335480093955 -0.022975913577738063 1.155468080326816 0.9721665376006626
1617104335580101966 -0.08901293897628995 1.1663942513783312 0.9146498013957989
1617104335613291501 -0.10293785660118081 1.1661158940627028 0.8965290959606879
1617104335680297136 -0.1247159041252988 1.1594691937009194 0.8526447025647332
1617104335746748447 -0.1312070875203633 1.1469714091273278 0.8135550967618049
1617104335780149221 -0.12911093665113335 1.1351021248994508 0.786798019105091
1617104335880025863 -0.10242711661424898 1.0940663844368215 0.7196274548809106
1617104335946800470 -0.0717309795788705 1.061248604367348 0.6816113129867474
1617104336013408660 -0.02443375083615324 1.0170589837992792 0.6380530129786676
1617104336113425970 0.05754486201845928 0.9458448056675263 0.5756402365738382
1617104336213368177 0.15146592280205784 0.8667448502190791 0.5231072612274132
1617104336246782302 0.1801554117788383 0.843091838924019 0.5065306957101672
1617104336279990434 0.21761477336483145 0.8119938447695465 0.48323665372569885
1617104336380095243 0.30559984411688557 0.7388806305026202 0.4193229326826874
1617104336413421869 0.32973963818380014 0.7187129804928744 0.3995646146543597
1617104336513378858 0.3994343558333952 0.6605292822701775 0.3340685382355988
1617104336580195426 0.4372486711700919 0.6301545743146314 0.28947786456787666
1617104336646840810 0.4653854845482466 0.6091333613971279 0.24684849396910655
1617104336713658571 0.4815394230768948 0.5988407624461207 0.21287374436613016
1617104336780144929 0.49219884103659334 0.594538608620776 0.18257552996697055
1617104336813425064 0.49442327819500415 0.5945993510709688 0.17336014490664034
1617104336913509845 0.49327955230730786 0.6014916505934755 0.14871758512419017
1617104336946933507 0.49085267268860894 0.6049221302282428 0.1439147612309483
