1.617102798270878e+18 -0.2993377830122981 0.21032857152635756 0.27540440018635526
1.6171027983042511e+18 -0.28965134277733684 0.22773936727163424 0.29221510856109967
1.6171027984037484e+18 -0.3475397534944915 0.22804611519742118 0.2961081176239936
1.617102798437073e+18 -0.284633953666936 0.22997438580869367 0.29305468305900373
1.6171027985042476e+18 -0.3705545634443985 0.23091459128062172 0.2972252517578947
1.6171027985379182e+18 -0.39558498400354747 0.23476294999644814 0.2984402232155513
1.6171027986039089e+18 -0.46750780332754216 0.23467876278077404 0.3019313420493859
1.6171027986705e+18 -0.42859281357614387 0.23425151992607038 0.29900063836284474
1.6171027987038031e+18 -0.418848229137045 0.23335782709372435 0.2933013518278812
1.617102798770854e+18 -0.47301460425609276 0.23459180083413267 0.29191302874142566
1.6171027988042798e+18 -0.4318286725535181 0.249813612834231 0.2804239930965123
1.6171027988708268e+18 -0.4019994923326222 0.25355799030029746 0.2777577732291264
1.6171027989375204e+18 -0.42079463008469853 0.26151890247939025 0.26729684682213317
1.6171027999375183e+18 -0.0906205312799564 0.7375463749460425 0.30876869075090463
1.6171028000041116e+18 -0.1731934392059551 0.7602061053742128 0.30329412702721864
1.6171028000709844e+18 -0.0849711208319035 0.815015861971699 0.31997161177414757
1.6171028001041633e+18 -0.09911425787390638 0.8822083930647528 0.33648077571538487
1.6171028001708495e+18 -0.07941665262638864 0.929354419418307 0.33923125484231575
1.6171028002375158e+18 -0.008421688069979005 1.0003434243898368 0.35898926251079416
1.6171028003042967e+18 -0.030024759159132497 1.058484027608702 0.3677233469767514
1.6171028003708406e+18 -0.011502123109705664 1.120950101753021 0.3753987211266619
1.6171028004041656e+18 0.024327281135825274 1.1601437633174054 0.37923986334382764
1.6171028004374835e+18 -0.03260068320662857 1.2063323528617453 0.3933020595121747
1.6171028005373322e+18 0.01972713588032038 1.2706444367594136 0.4087246288893871
1.6171028005711434e+18 0.01461494889682724 1.2891847869513722 0.4123248772546855
1.6171028006374822e+18 0.06667763015966921 1.3442549150137215 0.429400704926887
1.6171028006708887e+18 0.0974182343033525 1.3711840702378484 0.4386746964955822
1.6171028007374804e+18 0.0028404427900246 1.3490616390538257 0.44409089553028314
1.6171028008040865e+18 0.05974032663276674 1.3683496335343244 0.4508384804398103
1.617102800870919e+18 0.08275020409819556 1.3716214012237682 0.44834013366944453
1.6171028009042327e+18 0.06618953237205805 1.3571916338353898 0.4543744807992543
1.6171028009708516e+18 0.10972163324694018 1.361601651730668 0.45781009616242907
1.6171028010374147e+18 0.08434564515471044 1.3159586950496418 0.455497881826273
1.6171028010706703e+18 0.11347842153531973 1.2820953935217476 0.457798760013028
1.6171028011375094e+18 0.09201626028997678 1.2463287513770878 0.4542734955907939
1.6171028012041341e+18 0.10109897395029366 1.19116664466584 0.45903549309714164
1.6171028012709504e+18 0.11206044959032502 1.1157446792772312 0.4517898420164447
1.6171028013042767e+18 0.1652907064504059 1.046429625010396 0.4478945997695323
1.617102801370787e+18 0.17714670222647255 1.0037237980003493 0.44660859939520164
1.6171028014375122e+18 0.1576738748847606 0.9073863356327978 0.4394222382261621
1.6171028014708124e+18 0.1942084190326807 0.8083585610121831 0.4293322948072089
1.617102801537232e+18 0.21903258988617358 0.7553552589666581 0.42291517584185423
1.617102801604181e+18 0.21028455390105316 0.6383469255502456 0.4106958110304513
1.6171028016708861e+18 0.2467163644571282 0.5193524147233434 0.40396045428462624
1.617102801704195e+18 0.26360074989847027 0.39969469707843597 0.3962071253183218
1.6171028017708713e+18 0.34956031138918453 0.33161968359152905 0.3896013222949874
1.617102801837462e+18 0.3591751495173763 0.1928584827784979 0.3868683641313609
1.617102801870799e+18 0.43382883005810013 0.042470728324767254 0.37633281812434
1.6171028019375268e+18 0.5216758696530994 -0.10466972449377243 0.36517564062234786
1.6171028020044844e+18 0.4674905018580646 -0.17447464259619333 0.36514316167782
1.6171028020708388e+18 0.5748771918489948 -0.338610559682003 0.35856153296097787
1.6171028021042532e+18 0.535692409541547 -0.45500969054023405 0.35820217530187204
1.6171028021709092e+18 0.6562457638613854 -0.5403796343866236 0.35109048878575216
1.617102802237441e+18 0.6580913785597811 -0.666258789384446 0.3510426367619018
1.6171028022708242e+18 0.7069362795563339 -0.7801202216367276 0.34287804706824315
1.6171028023374856e+18 0.6318545409346608 -0.8432969301980622 0.34086453549402534
1.6171028023708134e+18 0.6465349499321591 -0.8819931984701808 0.3377256429051886
1.6171028024375368e+18 0.6885593622516093 -0.9260991841713355 0.3378851884317778
1.6171028025041953e+18 0.713817970277717 -0.9777438441769968 0.33025425579584466
1.617102802570791e+18 0.7100357273125266 -1.0085536792256997 0.326226407224458
1.6171028026042342e+18 0.6930776630315809 -1.017964941228618 0.3240008402021429
1.617102802670809e+18 0.673913888382407 -1.019848128468584 0.3218664253953455
1.617102802737537e+18 0.7122656003086356 -1.0270807141726892 0.31925121788390054
1.6171028028041705e+18 0.7632951539858053 -1.0249889833151447 0.3148013257226143
1.6171028028374313e+18 0.7730068718536862 -0.9952987306215839 0.31867805171683644
1.6171028029041943e+18 0.7829526500314041 -0.9851639604355136 0.32536929434860234
1.6171028029708677e+18 0.7802043922104338 -0.9368357959093545 0.3240521996007425
1.6171028030040435e+18 0.7907512261887875 -0.8929857086182131 0.33636654085727674
1.6171028030710966e+18 0.8168533910299156 -0.8636100716861266 0.33845232400107017
1.6171028031374666e+18 0.7926983968678889 -0.8006883561154732 0.3475526243253358
1.6171028031708943e+18 0.8051833264405643 -0.7243844606127845 0.36131757306736373
1.6171028032374932e+18 0.8455745621629744 -0.6880515187725806 0.3632322746234653
1.6171028033374886e+18 0.8019543387808388 -0.5125820959749254 0.3923655807944425
1.617102803404081e+18 0.8863694856650945 -0.4274919398471087 0.4024447945861848
1.6171028034706604e+18 0.8510667168897892 -0.37040605555453826 0.4114750580329593
1.617102803537553e+18 0.7664327279867211 -0.2474786395945846 0.43207375881668625
1.6171028036042225e+18 0.7270951902580749 -0.1233481259562077 0.45179027052506104
1.617102803637535e+18 0.7303794969659614 -0.06809771126925107 0.4559372543278579
1.6171028037044237e+18 0.7105872648746012 0.06550503802838369 0.4725656150518958
1.617102803770874e+18 0.688947276394821 0.18834997905845108 0.49041930686100177
1.6171028038041912e+18 0.6993847980727801 0.2503512493124652 0.4973523822678487
1.617102803870796e+18 0.6449143718847963 0.39108620509077163 0.514725888362093
1.6171028039041503e+18 0.7795477193486557 0.5290145193975487 0.5412643870721454
1.6171028040041754e+18 0.6914592369617938 0.6572392730820487 0.5646819561236761
1.617102804037548e+18 0.583701535118728 0.7575778613222675 0.5866476863263075
1.6171028041041807e+18 0.651778063216637 0.8180914474637035 0.606128878261591
1.6171028041707837e+18 0.6017336072229615 0.9108984948757748 0.6275636621925824
1.6171028042041004e+18 0.5777263963336323 0.9928626329404651 0.6508703679083383
1.617102804304236e+18 0.5835036644995681 1.058364032909559 0.6806461637872256
1.617102804337487e+18 0.5116666978480278 1.0734577461242498 0.6905088644688357
1.617102804404023e+18 0.5762150685792045 1.1306863058563072 0.7165059796570749
1.6171028044708375e+18 0.5321591608034786 1.15325489648336 0.7393209700428074
1.6171028045041062e+18 0.5317667442567822 1.1571518506117822 0.7645200718466508
1.617102804570792e+18 0.5648367038141271 1.1657317109981524 0.7787392012973029
1.6171028046041736e+18 0.5644848569422911 1.150944802592583 0.8001110298637466
1.6171028046707566e+18 0.5629652893365438 1.117196589116958 0.8200513851464941
1.6171028047707912e+18 0.5308436256081541 1.037498043272839 0.8573659675087475
1.6171028048373033e+18 0.45625063792306664 0.9605169581381605 0.8691591950837498
1.617102804904243e+18 0.43710853432208596 0.9194295039760159 0.8778120288495936
1.61710280497078e+18 0.4809566267200007 0.8415479323787356 0.889781063482824
1.6171028050040863e+18 0.41155026799119954 0.7471749316363834 0.8948015350065537
1.617102805104137e+18 0.480952143123313 0.6512498167733901 0.9015922022264673
1.6171028051374848e+18 0.4960276157513426 0.5435592530407489 0.9030672706969516
1.6171028052042253e+18 0.49718518937648115 0.4883308455995843 0.9031805341679442
1.6171028052709494e+18 0.5756255034939648 0.37314301302772096 0.9081744438687276
1.6171028053042706e+18 0.4283659982922807 0.23196841358352221 0.880885878358578
1.6171028053709158e+18 0.5379025616329218 0.16414879303955038 0.8832364169486893
1.6171028054376028e+18 0.6158454683385037 0.01644637312573735 0.8660997977521542
1.6171028054709094e+18 0.6496612026164663 -0.12239210345546159 0.8458822431082514
1.617102805570794e+18 0.6198806284083269 -0.266628737721112 0.831254374341218
1.6171028056040381e+18 0.590152853630046 -0.34036912471461217 0.8141002745553731
1.6171028057040758e+18 0.5333207446310708 -0.5927821014507444 0.7752464706574047
1.6171028057707494e+18 0.5226551828170813 -0.7181166548203997 0.7665682282619881
1.61710280587081e+18 0.5875051656218582 -0.7795846954444192 0.7695434496779178
1.6171028059041044e+18 0.5413673206832033 -0.8748836905428459 0.7558412024734619
1.6171028059375409e+18 0.4986554394122815 -0.9438669224447638 0.7399341246098781
1.617102806004127e+18 0.49757120518179887 -0.9765252958590955 0.7385506978285992
1.6171028060374994e+18 0.517706714437804 -1.0386881567315058 0.7305086780614602
1.6171028061041057e+18 0.4664564417836865 -1.0416504737621142 0.7222745418002936
1.6171028061708408e+18 0.46913271636625575 -1.0777338813070183 0.7158837124559243
1.6171028062375273e+18 0.48849502617047014 -1.1029892678452262 0.7051341795578059
1.6171028062708682e+18 0.3939173606016424 -1.075526946583358 0.6923821406305416
1.6171028063375068e+18 0.4031106348305573 -1.0704609633539024 0.6838303061104666
1.617102806404221e+18 0.39916362011088546 -1.0409845696304962 0.6810594058277584
1.6171028064375043e+18 0.36658707598118534 -1.01389961129765 0.6730793590058644
1.6171028065042289e+18 0.41037846763240227 -0.9757034631238413 0.6686921796409163
1.6171028065374728e+18 0.37309732218284575 -0.9107235337021964 0.654182477886052
1.6171028066041748e+18 0.2732007050646881 -0.8453836573448434 0.6449043381058814
1.6171028066708575e+18 0.31370791016572364 -0.7744568244163244 0.6390141165241481
1.6171028067375194e+18 0.3491387916420803 -0.6856641262768284 0.6366056892193742
1.6171028067709025e+18 0.2992200462251211 -0.5660913393856353 0.6157872552666421
1.6171028068708547e+18 0.2970712131418831 -0.37077095195891946 0.6069093810796988
1.6171028069375352e+18 0.21968821022034524 -0.22857941640241497 0.6068723694305078
1.6171028070041677e+18 0.13334620270234732 -0.1427039175086562 0.5931437316190287
1.617102807071085e+18 0.033773703535449506 0.011442935576050722 0.5842293554299012
1.617102807137718e+18 0.02854650862692454 0.16242251040058367 0.5758341769986851
1.6171028071708544e+18 0.025877220104350673 0.33427594601710087 0.5639928404934527
1.6171028072372372e+18 0.012008141865019084 0.4134902682288676 0.5624904363362329
1.6171028073041196e+18 0.012009945347477569 0.5671365016783432 0.5601447362596799
1.617102807337588e+18 0.0034315975173342395 0.7172651742856293 0.5611188879668639
1.6171028074374577e+18 0.052408826297674516 0.8708814455622129 0.5646232394897336
1.6171028074708874e+18 0.01660463079734642 0.9280788813314385 0.5649467592221903
1.6171028075376146e+18 -0.046276418992338364 1.0351792843111227 0.5692116232624977
1.6171028076043003e+18 -0.08725553498177296 1.1313428269329797 0.5693081282623641
1.6171028076376717e+18 -0.04951678765820633 1.2249690054193765 0.5714379765941706
1.617102807704242e+18 -0.11046057765311756 1.247196252584539 0.5664355750704724
1.6171028077708598e+18 -0.06539890954322125 1.3149789852657827 0.5675732902233488
1.6171028078374738e+18 -0.09400569569083617 1.347665390736007 0.5691336837132692
1.6171028078708099e+18 -0.1181482206782083 1.3618652334654417 0.5651073327017224
1.61710280793751e+18 -0.15286758151527113 1.3555957501781621 0.5653648847719155
1.6171028080042452e+18 -0.14300275235153492 1.357539332293732 0.5656139515750518
1.6171028080712893e+18 -0.141106425091865 1.3412192671742849 0.5656618299681214
1.6171028081374467e+18 -0.23394437798896073 1.2995700067027844 0.5622181690362626
1.6171028081708086e+18 -0.20482364669682518 1.2651650495646418 0.5574029616243814
1.6171028082374835e+18 -0.24047214195215494 1.196599696516382 0.5565665491254118
1.6171028083040686e+18 -0.1821881061938635 1.136832875491186 0.5568189629350981
1.61710280833738e+18 -0.23750171737061976 1.0820616210525333 0.5533403424918039
1.6171028084375066e+18 -0.25868839194984306 0.8627891309827171 0.5441235156604399
1.6171028085041725e+18 -0.285102956057421 0.730993474615663 0.5414212658848652
1.6171028085708585e+18 -0.279487305174698 0.671018451476109 0.5371867372036624
1.6171028086377677e+18 -0.29997762305190623 0.5256964076866893 0.5335694828079637
1.6171028087041416e+18 -0.19385204938093592 0.3790644850824203 0.5343163485600342
1.6171028087373919e+18 -0.19039503424850235 0.29913792135308126 0.5310379115850353
1.6171028088042819e+18 -0.16067764358065384 0.13410396717748355 0.5247940120302657
1.617102808871263e+18 -0.03043770860492412 -0.03687714762968283 0.5266872882982738
1.6171028089375695e+18 -0.08463224547479653 -0.20433652816180398 0.5304759398219423
1.617102808970805e+18 -0.08455387636712342 -0.28557833222037865 0.5304771723296612
1.6171028090709545e+18 -0.04809162405897771 -0.5637253301924725 0.5322056017652474
1.617102809137577e+18 0.003489544437539127 -0.6988336038602458 0.5353728359015087
1.617102809204193e+18 -0.00662088022493057 -0.7561084234882187 0.5328701492831223
1.617102809270856e+18 0.024864224073304353 -0.8483427841209774 0.5416115522384048
1.617102809304241e+18 0.04088027954150686 -0.92339493612415 0.5442644803439576
1.617102809370927e+18 0.12868774568284858 -0.9948900120549036 0.5459066793991403
1.6171028094375572e+18 0.16829903006598945 -1.0234277112198003 0.5454281283024672
1.6171028095041513e+18 0.18536582634461984 -1.0468059683847764 0.5457422382514906
1.6171028095375421e+18 0.2428771388411719 -1.0639503060688653 0.5455591576048582
1.6171028096041551e+18 0.26487288950046617 -1.0705073217332282 0.5484536509077726
1.6171028096708475e+18 0.3168238631380311 -1.0607228442673045 0.5456345635155849
1.6171028097041646e+18 0.3167330877762393 -1.0430068219656352 0.5468964826925531
1.6171028097374784e+18 0.39226991224725216 -1.0146060904990615 0.5482642437445262
1.6171028098042872e+18 0.37620755738501854 -0.9473863760211407 0.5466921679604735
1.6171028098708897e+18 0.5024730678522693 -0.9501109253060016 0.5515785145999481
1.6171028099375311e+18 0.49278333555324716 -0.8634217707631628 0.555347926523908
1.61710281000442e+18 0.5425171639418429 -0.7886585721560222 0.5549769431353047
1.6171028100375068e+18 0.6589588321413724 -0.7183024195816357 0.5640161054160472
1.6171028101042486e+18 0.760340415878614 -0.6767451600572281 0.5702797251607017
1.6171028101705572e+18 0.7931186701601143 -0.5674999011831525 0.5723858014245016
1.6171028102039388e+18 0.8172892801213112 -0.4484406132400383 0.5813845636871279
1.617102810270463e+18 0.8637017986181443 -0.39040222160226873 0.5896049107437064
1.61710281033755e+18 0.9214618878927792 -0.26014624022104293 0.5953764344230321
1.6171028104042353e+18 0.8675043574956125 -0.11108281229567801 0.5968368238549773
1.6171028104375752e+18 0.9104224935777814 0.017369289759474632 0.6037322052089544
1.6171028105042954e+18 0.936053673167391 0.0917938825740797 0.6145749704480287
1.6171028105708342e+18 0.9963498833137634 0.22994649805491965 0.6236951423080865
1.6171028106041677e+18 1.0019276077218264 0.35473227363779686 0.6414779911826181
1.617102810670821e+18 1.0590531359486008 0.4191009321897218 0.6494017834710242
1.6171028107375145e+18 1.1066313108473493 0.5367698775436096 0.6645996485359346
1.6171028108043041e+18 0.9949145763825675 0.6328938601166961 0.676401740612832
1.6171028108376922e+18 1.0485189904892338 0.7474369210459462 0.6993859966163627
1.6171028109043018e+18 1.014434835709173 0.8023970670929779 0.705171183852663
1.6171028109709143e+18 1.0430533740725365 0.8873796568141492 0.7331658610521059
1.6171028110041856e+18 1.0307234095640365 0.9638522373906977 0.748749052757141
1.61710281107121e+18 1.049774862132654 0.9994586408393396 0.7587094091451664
1.6171028111709965e+18 0.9108633749825814 1.0889437711537835 0.7924247590330217
1.61710281123755e+18 0.9413667888669548 1.1077156939306725 0.8017033525061728
1.6171028113041134e+18 0.8634776527898436 1.1342423596191138 0.8049569463001429
1.6171028113708572e+18 0.8937798039196285 1.1747200460318088 0.8242970929022526
1.617102811404251e+18 0.869563209727533 1.1868625411216647 0.8268024922233845
1.61710281147091e+18 0.878590442839799 1.210216882989859 0.8317657002614645
1.6171028115376023e+18 0.8240951174906246 1.221173397963954 0.8290803338632879
1.6171028115708936e+18 0.8056607931690594 1.2312262492645005 0.8262789685265453
1.617102811637661e+18 0.7943211493414633 1.2413597640336635 0.8240202174719874
1.6171028117042632e+18 0.7259513943760667 1.2426233981312083 0.8133557190128236
1.6171028117375485e+18 0.6772374528599703 1.2479550272847917 0.8015384993114477
1.617102811837504e+18 0.7325449519990257 1.2580007684304646 0.8013566886061448
1.6171028118708767e+18 0.6350047960064784 1.2531060694307063 0.7849171054121276
1.6171028119376064e+18 0.6745381154492809 1.2569192806740632 0.7807943434226803
1.6171028119709207e+18 0.6657402677655031 1.2493921155150156 0.7692615003628551
1.6171028120375608e+18 0.6153578867855294 1.2295542207700936 0.7605711991097368
1.6171028121044774e+18 0.5927139835404227 1.2095234518406892 0.7523953977754164
1.6171028121709793e+18 0.6171915177240224 1.1853308748090536 0.7431003064500505
1.617102812204128e+18 0.5592176104766264 1.1618280611341112 0.7356113970344871
1.6171028123041426e+18 0.44856947297249894 1.0633710276957795 0.7056150280069096
1.6171028123708623e+18 0.48648642874045445 1.0526241281178068 0.7050272902423328
1.617102812437779e+18 0.4459014364072238 0.9990363481293549 0.6833380112589246
1.6171028125042685e+18 0.3835240994606566 0.9450087250512231 0.6610458093269587
1.6171028125375252e+18 0.36643934568652403 0.9215255229095904 0.6577324762225483
1.6171028126040556e+18 0.37834289087146855 0.8748690296639874 0.6313333997205742
1.617102812670921e+18 0.3119684542944108 0.8263003134125528 0.6036055288056305
1.617102812704182e+18 0.25432300605876934 0.7764336265450762 0.5781355498809818
1.61710281277088e+18 0.23650296141610605 0.7540589182446675 0.5677577069932844
1.6171028128374313e+18 0.33537822379595417 0.7207258231542899 0.5345432603858901
1.6171028129040276e+18 0.26453615030571287 0.6680649126913525 0.5072631671258013
1.6171028129374523e+18 0.1635433657031915 0.6368263506711045 0.48931457376371607
1.617102813004238e+18 0.08498495713120713 0.5910273936285912 0.45430098872184377
1.6171028130375542e+18 0.08835384404877678 0.5531135292622593 0.4160290674715579
1.6171028131044076e+18 0.14029430979327318 0.5131278499163933 0.3753671360712991
1.617102813204114e+18 0.033034665361339144 0.4831250455699426 0.36489049005771623
1.6171028132375012e+18 0.055448430715468344 0.4468939761034126 0.3251647698019242
1.6171028133042644e+18 0.08120212031221685 0.41281488542543826 0.28961857176007344
1.617102813337604e+18 0.07025728172616263 0.39670701334146863 0.27225773080341503
1.6171028158708828e+18 -0.1948289064996458 1.429219448986919 0.9443803654071252
1.6171028200041823e+18 -0.19778004732997712 0.8974363360567432 1.4703598619041343
1.6171028221041797e+18 -0.14561255126820027 0.5730502258951609 1.2456360989095576
1.6171028222041708e+18 -0.16260904794775355 0.5701640363422108 1.2399107174595267
1.6171028224376e+18 -0.14145865660365553 0.6726760885153307 1.228452116220529
