1617106798270677566 0.22217011482761062 -0.74891839211307 9.386084442080119
1617106798304026842 -0.5119638015638845 -0.011425943289096425 9.858941553179296
1617106798403595924 -0.17320976328423995 -0.45940541223922315 9.89397950088355
1617106798436921834 0.19123361938712968 0.05993821852181431 9.420224027248944
1617106798504018545 0.3766383855226185 -0.07573247199051691 9.89898627474861
1617106798537679433 0.4590277388168473 -0.02281240497613987 9.1281451523873
1617106798603743314 -0.28748931814730766 -0.2763774228147788 9.609762383938417
1617106798670341968 0.12774679502488437 -0.22876277064200176 9.835275464102217
1617106798703644275 0.35447440455947354 -0.19881247825686907 9.88994743712542
1617106798770646810 0.6039216602263089 0.26342048903488163 9.619768565100495
1617106798804056167 0.30946946764433125 -0.46336447940075337 9.811841977807598
1617106798870628595 0.5738455866416519 0.10816681663303551 10.001180892910615
1617106798937325000 -0.3498431214770345 -0.8853773099034171 10.639824746050627
1617106799937321424 1.242845464907681 0.15885934771207794 11.310652517715264
1617106800003913640 -0.5981757618324229 -0.29037603584586796 10.08779132295203
1617106800070785760 -0.9606928298391154 0.29314735484077675 9.587653852513464
1617106800103968620 0.1326973742048231 0.6197236187990743 9.786984743488365
1617106800170654773 0.9933784174960202 0.709095242681908 10.724755261297194
1617106800237295150 0.5117854243003415 0.05937938656162156 10.41465089494924
1617106800304098129 0.2698604309588619 -0.11480917958304941 9.624836370427627
1617106800370645046 0.628946273253334 -0.025357950382976613 9.505152308261687
1617106800403970479 -0.27334378586588054 0.4355543319883529 9.964748880815563
1617106800437289476 0.7377810331182749 0.33757871731784184 9.717772389144168
1617106800537135839 0.5709580253272809 0.39953901104811573 9.563883692540795
1617106800570944547 0.6809116424769369 0.6595492294971599 9.494648920878603
1617106800637286424 1.1613794278609388 0.4545791618289376 9.240126569082813
1617106800670691728 -0.43654690248670414 0.27466920137197387 9.242068382887531
1617106800737281799 -0.21259275985294487 -0.3496403101876021 9.574946264536536
1617106800803891658 -0.2656803999256163 -0.9649332273779332 9.711224721671018
1617106800870722770 -0.22917328158962327 -0.10267916412888638 9.42546691496484
1617106800904010295 -0.4022621010909754 0.1234874319055612 9.075013673610592
1617106800970654964 0.4919424063127113 0.705482151938101 9.340909170636971
1617106801037217855 -0.15857862130156822 -0.5916183596335746 10.026526721343318
1617106801070471286 1.010649223725619 -0.16701024548470023 9.703518183376117
1617106801137314081 -0.29823417579340394 -0.8980774814493291 9.809691332030994
1617106801203935146 0.5425298309399412 -0.7471220878825453 10.170914581775865
1617106801270753383 1.4720747112299586 0.9385038599344965 9.62552497334062
1617106801304036617 0.7247956531502805 0.4874514729760656 9.423963291949107
1617106801370590925 -1.208849053387594 -0.6448888557358154 9.769617439582412
1617106801437318563 -0.6573594580654057 -0.3902822699637608 9.681294066170961
1617106801470609426 0.9072478932231339 -0.4541863133205386 10.408972328368664
1617106801537065029 1.466552380672591 -1.3967924250043915 10.52187083321304
1617106801603984594 0.23756239656529768 -0.8343018379050814 9.892782199433261
1617106801670688629 -0.25767030957835324 -1.5085712068257306 10.61419833651356
1617106801703996658 -1.790027082727954 -0.7718605001686393 9.687218249159478
1617106801770675182 -1.3319419473407996 -1.83336694327533 9.927241474424662
1617106801837267160 -1.3450891141383978 -1.097350869439154 10.139882172351383
1617106801870602130 0.7998641380007449 0.4697263084682258 10.098332680003118
1617106801937330961 -0.6007350634068076 0.430324322769987 9.797721491178839
1617106802004288196 1.9436409772642578 1.6574530412060484 10.054394439362646
1617106802070641040 0.3573016608545106 0.5075141280992965 9.92911451047553
1617106802104027986 -0.8166418418514944 -1.1830172632863678 10.42210191194469
1617106802170715332 0.8855034760342579 0.06091867386484701 9.835236971481999
1617106802237247705 -0.6952687112751089 -0.07183368737603607 9.48387954473674
1617106802270627021 0.7346343932654112 -1.0228266167045978 9.941454277213344
1617106802337290525 0.410088648353846 -0.30068455076594264 10.21294320355692
1617106802370618104 0.031415368356850645 0.045140925647599445 9.394999307560369
1617106802437340974 2.039153127978782 0.3744254410105227 11.350964660577564
1617106802503998994 -1.2937794388105452 -0.3229899668540677 9.94315033270669
1617106802570609331 1.6509182050020106 0.9220331473029411 11.18464131651843
1617106802604011297 0.6808440043362789 -0.23345664076416078 10.840640687372055
1617106802670611858 -0.27807466784699403 0.1587319563313922 9.48987115197608
1617106802737341880 1.116405414320853 -0.1494356870511087 11.41189543282132
1617106802803974866 2.5738496652217044 2.7658849256852562 11.26258366665284
1617106802837236166 0.4644517443334236 -0.4166301950094141 10.810452785699178
1617106802903997659 1.5738428405633846 0.3910902842571153 10.260969149600303
1617106802970674037 0.7755363837457563 0.2936787693288631 9.845751800414778
1617106803003849744 0.35159383266674615 0.14007036313637672 9.714387229321908
1617106803070902585 0.6594149496505656 -0.5522649579120904 10.29763235554065
1617106803137271881 0.5691204839294235 0.6936502809978352 10.358875557909423
1617106803170700073 -0.9110441402505622 -0.3746775854280015 10.27750284518837
1617106803237298488 0.8302065059923174 1.016065196753177 10.46722484985757
1617106803337292194 0.6939538297275112 0.9978771097730172 10.814777722207678
1617106803403883218 0.6316710075964953 0.984994280955363 10.203365518903004
1617106803470493555 -0.4489619972195298 1.4382987760033328 9.653097006796553
1617106803537372589 -0.060793427168493404 1.047757434773042 9.454936043054424
1617106803603987455 1.077939894539255 1.01361929970454 9.937141503904554
1617106803637336969 1.3144389772366691 0.7068530082051283 11.112615224079365
1617106803704226970 0.619774892058536 0.7038657048534862 11.171940386595802
1617106803770676374 -0.31443030858544946 0.155019158139801 9.832149348599096
1617106803803993225 0.17709107745086902 -1.1627850304465883 9.609218289035386
1617106803870598316 1.4288260274614286 1.5827831349469674 11.073054748351558
1617106803903954505 0.7031353421597346 0.5893023488323043 10.265022396216155
1617106804003977060 -0.018928613494619887 0.1472129398792737 9.479249442063416
1617106804037350654 0.3273089337789749 -0.41734086350883814 10.245237981161589
1617106804103982925 0.26799011104518483 0.35225866208715195 10.06567046651477
1617106804170588254 -1.0252877394185012 0.3069826535000605 9.817310740616914
1617106804203906536 0.8822792740317265 0.6613485763148261 10.43506219140805
1617106804304012537 -0.43236075245733185 -0.7053850472131262 9.66369813041626
1617106804337289810 0.5195730910722755 0.44381233159893796 10.338043824477957
1617106804403843641 -0.6519507293417643 -0.35809850923147746 10.464785952138259
1617106804470639705 -0.7583858742624217 -0.8316563855380343 10.370498301637168
1617106804503908634 -1.0312621697996058 0.2988141494248715 10.255145098322165
1617106804570595502 0.26442707929739706 -0.534963711950856 10.256296548555856
1617106804603943109 -0.14697257689690288 -0.3232357729853378 10.359740803814983
1617106804670561552 -0.20280015920502614 -0.2515882019571155 8.328003210243669
1617106804770594120 0.27534843117387914 -0.24768280248472324 8.904348748336618
1617106804837133407 0.5741244710965983 0.12938187150424776 8.96186171300005
1617106804904010057 0.33481685726487975 -0.5612655590899172 9.352510634846698
1617106804970582246 -0.4484543681948361 -1.0319908059678666 8.799318078544822
1617106805003887414 0.49962852008205494 -0.14419491435962886 9.113462576038918
1617106805103940248 -0.548311116786947 -0.28577292073252647 8.86105344700052
1617106805137288331 0.6272962568758936 -0.43811480988780216 9.080939556373869
1617106805204005002 0.11707895126093874 -1.5494927985730413 9.41740681875059
1617106805270729064 -1.2146644766535082 -1.1510672661697545 9.427801917582435
1617106805303955316 -0.9166751500888021 -1.1791781717740124 10.024364893921263
1617106805370719909 0.9382022942555176 -0.9691185498039316 11.306550671136966
1617106805437402009 0.9297804031142054 -1.4807965490154065 11.006446191383983
1617106805470710754 -1.1160491439714135 -0.42292298537201606 10.020587224996397
1617106805570598363 0.11907271041456788 1.0363785467168727 10.275221459762811
1617106805603842973 -1.5766116694429795 -0.1657288837729487 9.444453503108768
1617106805703878164 0.519394777315754 -0.0719953485146986 9.932309849626536
1617106805770553112 -1.299126262725583 -1.334017309377356 9.21521904522842
1617106805870614051 1.303783421105867 -0.05638389050281781 11.006548162209896
1617106805903907060 2.207639815370557 -0.1255795269675191 10.54936957593532
1617106805937345027 0.3272824561777764 -1.439897692769138 9.653600840845044
1617106806003932237 1.1294896638374743 -0.5852312686465511 9.83620096167351
1617106806037303209 1.1641248714246168 0.09311317454286344 10.87847087947841
1617106806103904008 1.393027431051519 0.01830969809103912 10.631864152779649
1617106806170646190 0.6846237550912357 -0.027995145334918682 10.341539347836818
1617106806237333059 -0.812022509036454 -0.7533443900782198 8.895013109161518
1617106806270671129 1.0145519041431676 0.11825092073590777 10.77786713056972
1617106806337309837 0.11276408408535052 -0.20494348288762226 9.61351043507601
1617106806404000759 -0.5098120188352555 -1.2373000369886322 10.175592740562122
1617106806437308311 -0.7427597646378467 -0.9558881072514664 9.59976069949023
1617106806504005670 0.3190104925865277 0.9481772350668004 9.138944704458218
1617106806537277698 -0.9075265905302642 -0.8637743276178985 9.98751008925949
1617106806603948354 0.42963294279830305 0.5758772032129081 9.641871251420525
1617106806670662164 0.4823637968511353 1.5740407204731095 10.019529052551995
1617106806737320899 1.2023444858903085 1.6305503519421418 10.321310773458402
1617106806770704746 -0.1798922232444878 0.9940138457339763 9.835573332714137
1617106806870621919 -0.4479084669299405 0.47327813442267075 9.17681297348038
1617106806937338113 0.028502314692087284 -0.08733495383176257 10.226798081696183
1617106807003969907 -0.3387551664704357 0.7575220756921939 10.930183756208468
1617106807070888042 0.22580664296998895 1.9315241515491874 10.274413483217478
1617106807137521982 2.2582829714104418 1.3277895951656504 10.706321055708909
1617106807170657873 -0.456748968052159 0.8301685587040325 10.265303226339688
1617106807237076044 -0.20107415180819166 0.8741579825298132 10.726204316833647
1617106807303920984 1.1031863837492886 1.4830015284463391 9.768476219830104
1617106807337389230 1.7996628209470595 1.6528752811199232 10.734199074777367
1617106807437258005 0.08198385555346376 0.36300095556804207 11.041691368900993
1617106807470689773 0.9480919591480038 0.32190695676234105 9.845344404254375
1617106807537416696 -0.548496072247779 0.27904209746321634 9.776367467541283
1617106807604096651 0.7718034360243793 -0.6741921077762512 9.625087565066785
1617106807637476921 0.10660051607472382 -0.6699513242213111 9.159412741154613
1617106807704013586 0.5808522123540398 0.6382116923947487 9.045860667285318
1617106807770663022 0.2868246298644562 0.3601682593219169 9.352134833836306
1617106807837276458 0.2142352777275033 -1.5430501127342748 9.765232927484714
1617106807870613813 0.6383490062188419 1.2195548624729586 10.039189180516404
1617106807937311649 -0.5499245325208515 0.10425790009292236 10.170435179764333
1617106808004012823 1.2278746420646744 0.6730224175703405 10.623832488026883
1617106808071094274 0.24331621270964654 0.10616073907297477 9.7235213124388
1617106808137249946 1.3215139231773803 0.35285449395884405 9.994913671301605
1617106808170614242 -1.2163379544604573 -1.1058682149019898 9.222822052685267
1617106808237286806 -0.4974535324083705 -0.14344056896907487 8.464831148931522
1617106808303872823 0.3226375944917641 -1.1260758492411247 10.215632659269707
1617106808337186098 1.464138249974991 -0.868136499808193 10.35535324572293
1617106808437309980 -1.0330433722325836 -0.6703185661851602 10.356655126945446
1617106808503977537 -0.7384222391808493 -0.7777684382439651 10.486979968410527
1617106808570662498 -2.2483833232172077 0.21435766334326659 10.837345793908353
1617106808637572765 1.2387086441802397 -0.7804301628377898 11.284719698577366
1617106808703945875 -0.7207897840642372 -1.6788704331829591 10.449865971214058
1617106808737195730 -1.695474216187112 -1.3008487797399426 10.047210990835302
1617106808804055213 0.3956987015689411 0.10840659556683556 9.848842857641765
1617106808871068477 0.14468081149904977 0.33643337299655174 9.441966453866208
1617106808937374114 -0.6219263467900967 -1.7048190861316617 9.989240861372547
1617106808970606565 -1.2638948672271397 0.019731377767683064 9.10747579040963
1617106809070741415 -0.38437473360541274 0.002895717996479294 8.88157752860721
1617106809137380599 -1.3002615947029172 -1.543444111572858 9.892626409941329
1617106809203998565 -1.1331391076871604 -0.8192014178934596 8.963292250968035
1617106809270660638 -0.1222989569220393 -0.4245528667327424 9.080379202910484
1617106809304011821 -1.3756928235332577 -0.8234609039639667 9.415130643509256
1617106809370732069 1.229564744530393 0.18504237744895086 10.308002406298117
1617106809437361955 -0.04670996351488046 0.21727681850167724 9.363372743493647
1617106809503954648 2.569528404693797 0.1686420045306769 9.994987286641447
1617106809537344932 1.5870062074872517 0.3614244015841569 10.06600268457895
1617106809603959798 1.000088186725174 -1.428622919651087 10.284643432525685
1617106809670616626 -1.3143883639100602 0.9669731955200499 9.175612479544696
1617106809703965663 -1.0205625370495892 -0.12767422717770732 10.05758372524221
1617106809737283945 -0.5882578958861756 0.6885922409861678 9.176454030167482
1617106809804086685 0.3971638716971872 -1.0606745044875099 10.379926771859385
1617106809870693445 1.2469285459805124 1.3210895130373814 9.357240389460365
1617106809937335491 2.2877667105055606 1.1269696360747121 10.355861096352942
1617106810004224538 -0.07568878133652844 0.2034515012033057 9.159569803052179
1617106810037310361 0.6602535350773816 1.6008739329030217 9.841624433981146
1617106810104024410 0.07760500670098486 0.7605874507177669 9.22142384357488
1617106810170397281 0.6233880320422008 0.89699063381381 10.198045903019526
1617106810203762769 -0.18408725243202884 -0.6300525832675831 9.833204574717868
1617106810270307064 0.9234674483955833 0.2339610097973913 9.689341610412475
1617106810337353229 1.2045880723331397 1.2720384718633553 10.377174837612023
1617106810404008150 -0.4636287637196931 -0.5459114259024795 10.850509239536771
1617106810437379360 -1.2619718333311063 0.13963765238910625 9.248564521557284
1617106810504085302 -0.6731599359469806 0.08964592877677141 9.058616464425517
1617106810570602893 -1.3911361609937716 -0.6421703829207591 9.634502968078593
1617106810603973150 -0.8212871303618576 0.9865622294150472 10.186649277655663
1617106810670623779 0.433295208362765 -0.30421279065565665 10.431342629220184
1617106810737317800 1.3415723375655118 0.8078867987958416 10.006822977798373
1617106810804100513 0.3058953983304936 1.2766372046587313 10.247402001400777
1617106810837472677 0.4045542177842634 -0.5208883374934009 9.247292462990229
1617106810904100179 0.5246117958630601 1.138924617808791 10.510005447509368
1617106810970719575 0.08735068712722284 -0.06441212307989444 9.203508082989156
1617106811003990411 0.017542328948235857 0.06821450028267777 8.985627337962839
1617106811071015119 0.012689653709397543 0.1423634282865921 9.218828339303052
1617106811170768976 0.17339059967646678 0.09564430903557904 9.244254601564837
1617106811237353563 0.005282488924581993 0.20804200588166388 9.173660014728245
1617106811303917169 0.31672586426535526 0.4820779517274199 8.199532712384498
1617106811370659351 -0.07993019481769834 0.10688963279964107 8.675539680047725
1617106811404003381 -0.4175837060949297 0.10530675837199366 8.776172732022674
1617106811470712661 0.12232599645887207 -0.04638012336182986 9.077454866695136
1617106811537395000 0.20395067323771013 -0.15217877487003495 9.403124835737628
1617106811570697784 0.5630064278336131 0.859824875828801 9.347503110577492
1617106811637367963 0.21720580215529522 0.34525494141995355 10.740791709953655
1617106811704007625 0.3316065011126242 0.44025348289132393 9.979942674967289
1617106811737351179 0.5228921082026315 0.09948443353555425 10.376850311963265
1617106811837307691 -0.6224341297838494 -1.047022209113369 9.68102511585721
1617106811870692014 0.47161226973440107 0.44133039324399337 9.90602792372643
1617106811937407970 -0.22402862442609392 -0.48123217916732036 9.397478159625605
1617106811970714569 -0.12559834160824335 -0.8172268247056711 9.736732372008877
1617106812037363529 0.2505622868867906 -0.31738939338575406 9.230629424977582
1617106812104280233 -0.6396474328881724 -0.38721822868725997 9.174201102811347
1617106812170776844 0.3247184470788877 -0.0470988606062629 9.080338202795698
1617106812203958988 -0.5377591951229236 -0.3178092461619101 8.747801087260324
1617106812303945541 -0.20907986660198918 -0.13670974569555097 8.691244392350185
1617106812370666265 0.6394845735344314 -0.013333046259382086 9.984675808967937
1617106812437580585 0.29360343563621094 -0.21079639626618032 9.339409123369977
1617106812504032373 -0.1754158357541742 -0.42961426822566534 8.732211055831717
1617106812537327289 0.02317998440250129 -0.21721740426997532 9.549951756533314
1617106812603857517 -0.08698656390843355 -0.16492960035204912 9.938949687084857
1617106812670719861 -0.007616282983376976 -0.0799657906252707 9.019444923067859
1617106812703985452 0.22043483658043259 0.2249928295447674 9.40747227602188
1617106812770680904 0.47794367428696766 -0.13678470355153535 9.326924960651631
1617106812837236881 0.7520975019565603 0.2895162401884409 9.4723835212791
1617106812903851985 0.07201458280682883 -0.06867276001909513 9.49999296013913
1617106812937266826 0.48875276262752665 0.35698457234574943 9.689882740244528
1617106813004003524 -0.1205564741552217 -0.3152057123997665 9.442192977429562
1617106813037356853 0.6641162070595984 0.25165040300709496 9.815352355144164
1617106813104210138 0.2581491836191732 -0.45367006549169586 10.270070449950053
1617106813203916072 0.2715082790490314 -0.647734750991433 10.426448941981716
1617106813237307071 0.3609305621473713 0.1264639410833396 10.55614675004318
1617106813304033517 0.0530263514586234 -0.43887483298264374 10.731173451405624
1617106813337408304 0.06742547981182846 0.08149196308034386 9.541147314809857
1617106815870685577 -0.030558704445903813 -0.06553908208948438 9.510185046437897
1617106820003983974 0.4105574796028481 -0.3688065127316513 9.57073117181484
1617106822103982925 0.27714920863879167 -0.1750225275909863 9.51919471742221
1617106822203973770 0.2871288215137482 -0.15987563548005448 9.568950084249689
1617106822437402963 0.26696128784059636 -0.16787284385001153 9.563765185965956
