1617706567273142099 3.63599991798
1617706567340028047 3.60100007057
1617706567373682975 3.58699989319
1617706567473685026 3.60100007057
1617706567507252931 3.56399989128
1617706567573620080 3.46700000763
1617706567607213020 3.50900006294
1617706567673558950 3.50600004196
1617706567706852912 3.51600003242
1617706567773672103 3.5039999485
1617706567806580066 3.51600003242
1617706567906858921 3.51600003242
1617706567940226078 3.48799991608
1617706568939954996 3.882999897
1617706569006889104 3.867000103
1617706569073743104 3.90000009537
1617706569106853008 3.89700007439
1617706569173625946 3.90199995041
1617706569240154981 4.007999897
1617706569306998968 4.03599977493
1617706569340199947 4.03100013733
1617706569440023899 4.03100013733
1617706569506824016 4.0640001297
1617706569573550939 4.17500019073
1617706569640214920 4.16300010681
1617706569707093954 4.13999986649
1617706569740166902 4.10300016403
1617706569806700944 4.20300006866
1617706569873430013 4.1859998703
1617706569939752101 4.20900011063
1617706569973011970 4.16800022125
1617706570006467103 4.17199993134
1617706570106803894 4.15399980545
1617706570139883995 4.16099977493
1617706570206768989 4.14900016785
1617706570240267992 4.14900016785
1617706570306790113 4.1859998703
1617706570406714916 4.15199995041
1617706570473645925 4.17199993134
1617706570540318965 4.1890001297
1617706570606825113 4.18200016022
1617706570673809051 4.19099998474
1617706570706969022 4.19999980927
1617706570773488998 4.29500007629
1617706570840271949 4.28999996185
1617706570906843900 4.43200016022
1617706570940259933 4.46199989319
1617706571006767034 4.54500007629
1617706571073575019 4.53599977493
1617706571106868982 4.51200008392
1617706571207030057 4.66699981689
1617706571240319967 4.66699981689
1617706571273513078 4.73699998856
1617706571373611927 4.69999980927
1617706571406900882 4.75099992752
1617706571473628044 4.76200008392
1617706571506848096 4.78800010681
1617706571540189027 4.79199981689
1617706571606885910 4.79500007629
1617706571673636913 4.76000022888
1617706571707021951 4.79899978638
1617706571806763887 4.84999990463
1617706571840171098 4.84999990463
1617706571906902074 4.85699987411
1617706571973465919 4.84299993515
1617706572006931066 4.92600011826
1617706572073748111 4.86199998856
1617706572140301942 4.82499980927
1617706572206950902 4.85500001907
1617706572240103006 4.85500001907
1617706572306700944 4.79199981689
1617706572340169906 4.78299999237
1617706572406951904 4.78299999237
1617706572506908893 4.71600008011
1617706572540291070 4.69999980927
1617706572573621034 4.66699981689
1617706572673707008 4.64200019836
1617706572706955909 4.62599992752
1617706572740272998 4.61899995804
1617706572840146064 4.59800004959
1617706572873608112 4.57999992371
1617706572906928062 4.72300004959
1617706573006831884 4.55200004578
1617706573040298938 4.55200004578
1617706573106806993 4.62799978256
1617706573173554897 4.60699987411
1617706573240391969 4.58400011063
1617706573273854970 4.60300016403
1617706573373647928 4.61199998856
1617706573406963109 4.57499980927
1617706573440315961 4.57499980927
1617706573506942987 4.57700014114
1617706573573647022 4.6139998436
1617706573640453100 4.61000013351
1617706573706964969 4.56599998474
1617706573740115880 4.54899978638
1617706573806893110 4.47300004959
1617706573840287923 4.47300004959
1617706573940136909 4.48000001907
1617706573973839044 4.43800020218
1617706574040272951 4.39900016785
1617706574073636054 4.45699977875
1617706574173613071 4.45900011063
1617706574207161903 4.42899990082
1617706574273746967 4.53100013733
1617706574306951045 4.37799978256
1617706574373589992 4.48699998856
1617706574440499067 4.56599998474
1617706574506918907 4.59299993515
1617706574540177106 4.58599996567
1617706574606816053 4.57000017166
1617706574673618078 4.53599977493
1617706574740487098 4.55200004578
1617706574773658037 4.51000022888
1617706574840194940 4.57499980927
1617706574906907081 4.60300016403
1617706574973516941 4.58400011063
1617706575006750106 4.61899995804
1617706575040318012 4.61899995804
1617706575106947898 4.57000017166
1617706575173872947 4.54899978638
1617706575240334033 4.60699987411
1617706575273802995 4.507999897
1617706575340147972 4.59999990463
1617706575374089956 4.50299978256
1617706575473691940 4.49599981308
1617706575506934881 4.51000022888
1617706575540160894 4.44299983978
1617706575606743097 4.41300010681
1617706575673875093 4.35300016403
1617706575740310907 4.3109998703
1617706575773627996 4.29699993134
1617706575873545885 4.26499986649
1617706575973507881 4.07800006866
1617706576006963014 4.04500007629
1617706576073647022 3.96900010109
1617706576140491008 3.96000003815
1617706576206804037 3.95000004768
1617706576240168094 3.95000004768
1617706576306648969 3.96199989319
1617706576340289115 3.97099995613
1617706576440206050 4.04300022125
1617706576473592042 4.01800012589
1617706576540297031 4.00099992752
1617706576606821060 4.01999998093
1617706576640120029 4.01999998093
1617706576706949949 3.96700000763
1617706576806813001 4.0110001564
1617706576906915903 3.95700001717
1617706576940551996 3.92300009727
1617706577006911039 3.96399998665
1617706577040469884 3.96399998665
1617706577106882095 3.86299991608
1617706577206934928 3.82800006866
1617706577240387916 3.82800006866
1617706577306942939 3.80200004578
1617706577340306043 3.76099991798
1617706577406795978 3.7349998951
1617706577440308094 3.7349998951
1617706577506880998 3.68700003624
1617706577607124090 3.64700007439
1617706577640249013 3.64700007439
1617706577707031011 3.742000103
1617706577773595094 3.76999998093
1617706577807154893 3.96199989319
1617706577873922109 3.90599989891
1617706577907059907 3.86500000954
1617706577973520994 3.83500003815
1617706578040235996 3.90199995041
1617706578106868028 3.95000004768
1617706578140233039 4.03100013733
1617706578206909894 4.03399991989
1617706578273782968 4.08699989319
1617706578340142965 4.24399995804
1617706578373738050 4.22599983215
1617706578473731994 4.28599977493
1617706578507184028 4.29500007629
1617706578573685884 4.37799978256
1617706578606981039 4.46899986267
1617706578673666000 4.42500019073
1617706578707027912 4.42000007629
1617706578773644924 4.45200014114
1617706578806890964 4.51499986649
1617706578873939037 4.57499980927
1617706578940049886 4.63700008392
1617706578973491907 4.57700014114
1617706579073590040 4.66699981689
1617706579106863021 4.76900005341
1617706579173690080 4.77400016785
1617706579206767082 4.78999996185
1617706579273611068 4.82899999619
1617706579340166091 4.82700014114
1617706579373667955 4.80800008774
1617706579440196037 4.84499979019
1617706579506769895 4.86899995804
1617706579573860883 4.93800020218
1617706579642153024 4.94500017166
1617706579673810005 4.99800014496
1617706579773705005 4.94999980927
1617706579840435028 5.01599979401
1617706579940423011 4.98699998856
1617706579973532915 5.03000020981
1617706580006850957 4.92199993134
1617706580107196092 5.01599979401
1617706580140244960 5.02600002289
1617706580173804044 4.9359998703
1617706580240381002 4.96999979019
1617706580307033061 4.89900016785
1617706580373773097 4.91699981689
1617706580406862974 4.92899990082
1617706580473697900 4.9310002327
1617706580540271997 4.91699981689
1617706580573550939 4.8639998436
1617706580673633098 4.80399990082
1617706580707214117 4.78800010681
1617706580773746967 4.78499984741
1617706580807075977 4.79699993134
1617706580873619079 4.69999980927
1617706580906934976 4.7389998436
1617706580973711967 4.72800016403
1617706581040446996 4.67399978638
1617706581106893062 4.61899995804
1617706581173619031 4.60300016403
1617706581206890106 4.53999996185
1617706581273622035 4.60300016403
1617706581340480089 4.507999897
1617706581373645067 4.48699998856
1617706581440088987 4.45699977875
1617706581473771095 4.4359998703
1617706581573564052 4.367000103
1617706581606739997 4.31599998474
1617706581640125989 4.31599998474
1617706581706935882 4.22800016403
1617706581773523092 4.23000001907
1617706581840322971 4.30000019073
1617706581906965970 4.12200021744
1617706581940257072 4.11899995804
1617706582006726980 4.03599977493
1617706582040503978 4.03599977493
1617706582140320062 4.05200004578
1617706582173669099 3.97600007057
1617706582240545034 3.99699997902
1617706582273696899 4.02199983597
1617706582340306043 4.00400018692
1617706584873378038 3.96700000763
1617706589006990909 3.90000009537
1617706591107310056 3.96399998665
1617706591206779003 3.90000009537
1617706591473665952 4.00400018692
