1617106798270602941 -0.28384943266010765 0.2285680285173889 0.3092202200348715
1617106798303963184 -0.2943505170568577 0.2307784304359324 0.31023006451095647
1617106798403578281 -0.3279041510700988 0.23645948342190354 0.31096474739961794
1617106798436909914 -0.3400956852487462 0.23824688127194182 0.31100276652515363
1617106798503950119 -0.35652760316080667 0.24108578574602532 0.30944272667462225
1617106798537568807 -0.36630917250203765 0.24317613778450853 0.3074924060068413
1617106798603715658 -0.37919776844122627 0.2474322386743962 0.30174538250975513
1617106798670319795 -0.3902046625445954 0.25408501370737274 0.29291773452719716
1617106798703619480 -0.39368462493945344 0.25768212187208445 0.2888109740999444
1617106798770549297 -0.39816854864141227 0.26854243147527085 0.27751864772397816
1617106798803984642 -0.39886693146713476 0.274187970542661 0.27244432410601177
1617106798870562314 -0.3969013427322622 0.289978155824716 0.26160225883278415
1617106798937259197 -0.3904993406342061 0.30981193675644103 0.2508248627856579
1617106799937252283 -0.13598483359936256 0.8633760686563543 0.33503972112276087
1617106800003849744 -0.12608525611859625 0.9187084941266598 0.352922629096968
1617106800070716857 -0.11598958386888636 0.9857336438171783 0.37223973136985233
1617106800103904724 -0.11209718793173315 1.0144125567454534 0.3810721351492726
1617106800170589685 -0.10403562306789045 1.0795643311874266 0.4036070356674725
1617106800237202644 -0.09689302996753847 1.141494538910227 0.42421710742337104
1617106800304004430 -0.09122237622084896 1.1901819988587712 0.4404242093616193
1617106800370580196 -0.0846450036502694 1.2402925555724014 0.4572852445598782
1617106800403907299 -0.08170747376816903 1.2592906671482156 0.4636754076968369
1617106800437226533 -0.07746130925507087 1.2815086042253336 0.47210603786948274
1617106800537063837 -0.06499273271966984 1.3221483271586032 0.4903334019071053
1617106800570874452 -0.06088282652564407 1.3299129629573985 0.4945064096792868
1617106800637216329 -0.049928875090810274 1.3398010613723441 0.5023198034095893
1617106800670624256 -0.044878504252445175 1.3402957844869332 0.5046407686409252
1617106800737212181 -0.03158696102847583 1.332712827303954 0.5086952405447196
1617106800803827047 -0.01885435456311398 1.316483715749689 0.5099445120176956
1617106800870656013 -0.0022709617186001353 1.2860677460163221 0.509612507782898
1617106800903947114 0.005380329830760545 1.269567889234796 0.5084967489885692
1617106800970582723 0.02460139704504077 1.2219595125208218 0.505526005979345
1617106801037149429 0.045364614154637974 1.1629665277226187 0.5006645436814379
1617106801070402383 0.0550410175542795 1.134312917899359 0.49824856678744633
1617106801137248039 0.07483644311944777 1.0710177945761212 0.4918716945339828
1617106801203868627 0.0994949371618614 0.9879125438345281 0.482625160610349
1617106801270685911 0.1252621520742485 0.89481611919213 0.47183784610998664
1617106801303967952 0.13673748350617362 0.851941004193152 0.4670970189939555
1617106801370523691 0.16414273959292713 0.745048960089991 0.45598517563277496
1617106801437257051 0.19259843939524704 0.6292783518826625 0.4445347190601351
1617106801470540285 0.2047969466861437 0.5769349563903385 0.4395587833799958
1617106801537030935 0.23427812912929413 0.4489844486924328 0.4276644694214898
1617106801603918790 0.25959080863743 0.33317545066001586 0.4167083456235049
1617106801670626163 0.28902417984417256 0.19295500424600465 0.4015927048919236
1617106801703935861 0.3014467138384086 0.1320663255136851 0.393109328255251
1617106801770612716 0.3301711285873767 -0.011673980852362082 0.3720847319317711
1617106801837206125 0.35907608029846044 -0.1562282199146381 0.3532037876845087
1617106801870540857 0.37141152201981725 -0.21730504195652964 0.3448986871227958
1617106801937266588 0.40008433593760767 -0.3557120074516239 0.32640080528674636
1617106802004227161 0.4249152425116121 -0.4674371196445632 0.310405659525386
1617106802070578575 0.45473890802613154 -0.5865502501025347 0.295254978350136
1617106802103963613 0.46793233783974664 -0.6331082263848238 0.2897043338778077
1617106802170656204 0.4999848838850151 -0.7300227709552111 0.2784811626356965
1617106802237184524 0.5338019597144563 -0.8099035767253696 0.26936775463812984
1617106802270565748 0.5488407999034051 -0.8387683329690213 0.2658175785849805
1617106802337229013 0.5849717313971693 -0.8938098726547326 0.25814157541382843
1617106802370556116 0.6005203251085166 -0.9121570161878718 0.25566549646366316
1617106802437278985 0.637043062274759 -0.9435766103178056 0.24947943926923524
1617106802503936529 0.6675054674824117 -0.9580811636622268 0.2446914866815849
1617106802570558309 0.7011588583264295 -0.9611646758900805 0.24205429998829622
1617106802603951215 0.7146208735547159 -0.9580835584287496 0.2417748613972839
1617106802670546770 0.743143828692462 -0.9413792413065305 0.2430417741425239
1617106802737278938 0.767533104983922 -0.912340243181025 0.24857374474192712
1617106802803914546 0.7847952987480614 -0.878108522092321 0.2544077131366857
1617106802837175369 0.7945742150514736 -0.8509836782843482 0.25870416258754636
1617106802903937339 0.8063519604999068 -0.8039671192735398 0.2674967068369044
1617106802970613479 0.815963348152632 -0.7397953948892545 0.2787975164955183
1617106803003789424 0.8187741699036263 -0.7092574442360756 0.28433940670671254
1617106803070841073 0.8221133044008386 -0.6312969572268323 0.29860861266739425
1617106803137210607 0.8213472923489757 -0.5439470393836463 0.31473394832887785
1617106803170638799 0.8196680160013747 -0.5037009197317847 0.32210358832421865
1617106803237236261 0.8129413685573664 -0.40362696412896637 0.34043181301199205
1617106803337228059 0.7963310681697247 -0.24627327859718146 0.36812450014907405
1617106803403814315 0.7826577571966361 -0.14424530416086345 0.38611461634573185
1617106803470458269 0.7633621472449289 -0.018459425108866376 0.4074338875094983
1617106803537332534 0.7406184258848758 0.11364574964540788 0.43065233661150376
1617106803603914737 0.7187025024741508 0.2300165351108773 0.45556952020805586
1617106803637269973 0.7031783307802997 0.3081528655846657 0.473871784623497
1617106803704156398 0.6788163723832942 0.425119669626328 0.5015972830410779
1617106803770611047 0.6498050801648088 0.5564612657311663 0.5387367318061762
1617106803803931474 0.6374134556275642 0.610316684360986 0.5549343983404946
1617106803870533466 0.6088383266593328 0.7295248452398159 0.5899050485326225
1617106803903889417 0.5969947505934264 0.7769475483205808 0.6046538394225938
1617106804003908395 0.5594046331302329 0.9170798373632936 0.6502476925305067
1617106804037286996 0.5457958336888576 0.9641549515252461 0.6679303859338376
1617106804103915929 0.5266721119845996 1.0249047930123387 0.6931512188934598
1617106804170524120 0.5065599491838183 1.0802445328112886 0.7211539798876695
1617106804203843593 0.4987469727072145 1.0987035740012931 0.7324987015929638
1617106804303946256 0.47622338338705944 1.1372958759170562 0.769602354224281
1617106804337225437 0.4687213032021156 1.1429228678733296 0.7838119178714706
1617106804403795957 0.4593827342021009 1.14111542490669 0.8043738360566087
1617106804470568656 0.4505837267770836 1.1233560282750077 0.8279965695438377
1617106804503840446 0.4475776252490513 1.1109661722449953 0.8377143644025488
1617106804570529222 0.4426917613432945 1.0704080600866956 0.8606279397156602
1617106804603856801 0.44126271454114496 1.0483198676732084 0.8701995233161753
1617106804670498847 0.43987373974826904 0.986693192969144 0.8914166484319643
1617106804770524978 0.4410989812330138 0.8774545339376201 0.9123019930856705
1617106804837096929 0.4440798570779804 0.7873357100384571 0.9196755369198193
1617106804903939008 0.44784293874304154 0.701733011006411 0.9217944969084867
1617106804970519065 0.4535417075120899 0.5925942775558904 0.9200968747371842
1617106805003813743 0.45635272776912683 0.5430797590791547 0.9177506384572107
1617106805103877067 0.4671551811836152 0.36655822733968874 0.9035251641236093
1617106805137225151 0.4722017614650584 0.2914417448196603 0.8949889493265757
1617106805203940391 0.47991348826742775 0.17433582299152175 0.8788117884319105
1617106805270562887 0.4890195638790809 0.03536849716595312 0.8505590459270516
1617106805303892374 0.49269462255634927 -0.02519945267106971 0.8366843079266861
1617106805370656967 0.5016041965132202 -0.16985113855093437 0.8068425042189801
1617106805437332153 0.5089172113381056 -0.313160899120456 0.7756181237854407
1617106805470649480 0.5116783578791387 -0.3733410238025749 0.7625447483104129
1617106805570535421 0.5167405047780409 -0.564118386778404 0.722637472296718
1617106805603781938 0.5173072729386481 -0.6169791417445354 0.7126207983968391
1617106805703815698 0.5136508745252474 -0.774219801162947 0.6852429340492014
1617106805770490884 0.5064693611176693 -0.8637648263807698 0.6701834430564844
1617106805870551109 0.49082820903769625 -0.9600987822090542 0.6517761144341628
1617106805903838872 0.48489489557530396 -0.9816035720108065 0.6467979235798349
1617106805937282085 0.4786547900628233 -0.9996604577008786 0.6420442616607905
1617106806003867864 0.4623113414538732 -1.0284380009559841 0.6317423973155062
1617106806037240266 0.45209964598277613 -1.0367696463415037 0.6260260375250405
1617106806103817701 0.4353972126308323 -1.0381198104685148 0.6182323436571536
1617106806170583486 0.41426319919087784 -1.023391510368666 0.6095868069919462
1617106806237272262 0.3914567359692704 -0.9914916968436193 0.6013602465873119
1617106806270610570 0.3813464553601838 -0.9727984470686796 0.5979635652357232
1617106806337240219 0.3601875976303227 -0.926356052178767 0.5913324271316858
1617106806403932809 0.33439205182019005 -0.8575020028221948 0.5842756167540367
1617106806437247037 0.3191644210906892 -0.8114973791117595 0.5800821062539566
1617106806503944396 0.2958655271401755 -0.7332607285867382 0.5746646026697021
1617106806537215471 0.27988924400726745 -0.6754606137242243 0.570966983965786
1617106806603876590 0.25560833761006196 -0.5802237525742335 0.5658608019887573
1617106806670598983 0.2264992287061397 -0.45697148230883633 0.5596602743616785
1617106806737251281 0.19702096228544333 -0.32092878158831606 0.5543986620786843
1617106806770637035 0.1842077434146161 -0.2589622062604926 0.5520738070733926
1617106806870524168 0.1403836610851504 -0.038193539554369396 0.5502685468637244
1617106806937269449 0.10931194497954937 0.1249003205527681 0.5587577420046959
1617106807003899335 0.08171732151311344 0.26686560534199416 0.5654831544781787
1617106807070820093 0.050039007517135234 0.4300211442698438 0.5767291562736704
1617106807137454032 0.018067454207995517 0.5869252427201591 0.5878573620115097
1617106807170593500 0.004726462029090806 0.651527902502965 0.5923272762851389
1617106807237047195 -0.021856740512956812 0.7738168183873089 0.601403841685095
1617106807303851366 -0.05206033801759527 0.9037790078782658 0.6105119553957061
1617106807337320804 -0.06855858282872258 0.9711475757581963 0.615242848514582
1617106807437186002 -0.10796955992313217 1.1150895147836524 0.6247948845768614
1617106807470623731 -0.11901148307458878 1.151167153166695 0.627103591944563
1617106807537344694 -0.14378296833282447 1.2219828523487128 0.6311821433374477
1617106807603998422 -0.16338065119211742 1.267767483024154 0.6332160027016593
1617106807637410879 -0.17547106527896222 1.290557348181287 0.6340879828416687
1617106807703942060 -0.19256710219024026 1.3129809453398726 0.6347772491152424
1617106807770589351 -0.21032399366211438 1.3221346267573064 0.634109634155782
1617106807837209939 -0.22572845491435656 1.3129157442869084 0.6328023011404826
1617106807870551109 -0.2317862404593249 1.3036710660229889 0.6316215351114617
1617106807937247276 -0.24402448535205473 1.2695090227628871 0.6288238266818718
1617106808003949880 -0.2532507825530547 1.2266839045196951 0.6256616859358901
1617106808071029424 -0.26154041278579604 1.1615377200825858 0.6217037600312578
1617106808137183904 -0.2682270950313456 1.0802389560011671 0.6171243436128344
1617106808170551300 -0.2703891319438067 1.0405911370583032 0.6151128003276971
1617106808237225532 -0.2739049579261559 0.9532431677531651 0.6106111902256891
1617106808303810358 -0.27610529122884486 0.8378472093757011 0.6049043445855635
1617106808337125301 -0.27682373101203767 0.7840498128192945 0.6023391193443955
1617106808437245607 -0.2765225689955644 0.5865721765720779 0.5932299941926775
1617106808503915071 -0.27468157446450264 0.43415614282001674 0.5843681042755695
1617106808570600271 -0.27258915820336443 0.27857310422916026 0.5640605046397136
1617106808637510299 -0.2674383207115354 0.13834288117411891 0.5506496555756443
1617106808703882694 -0.25953686519933333 -0.026147092104368858 0.5357453030164344
1617106808737135410 -0.2540494020600703 -0.11910162537235304 0.527916401405204
1617106808803992748 -0.24305731354654436 -0.25411687356049706 0.516808170397258
1617106808871006488 -0.22562722331060586 -0.4020348596546267 0.5069456479763081
1617106808937311649 -0.20595466384417638 -0.5178345519039811 0.5016412260677809
1617106808970542430 -0.19067431904623094 -0.5884045479264064 0.4988566195600626
1617106809070673942 -0.143873640879302 -0.740129123578183 0.493914431684163
1617106809137317657 -0.11025802894724283 -0.8135624468045386 0.49154490901138614
1617106809203936815 -0.0663091706073502 -0.8823229640287813 0.48878245875607845
1617106809270596981 -0.01710327441485979 -0.9327430525247252 0.4862957570364563
1617106809303933382 0.005493578830946115 -0.9487998300519425 0.48535505324822875
1617106809370669603 0.0612160761898427 -0.9734239155691957 0.48393457228247444
1617106809437299489 0.11191976606003627 -0.9807814331033836 0.4829277311168133
1617106809503889083 0.17387325165333825 -0.9740745956258567 0.4823201004032758
1617106809537281274 0.21036614183090607 -0.9629316678679034 0.48254730480644065
1617106809603898048 0.266061312045167 -0.9366672949468902 0.4827929055178304
1617106809670529127 0.33165038830960725 -0.892089348103393 0.4843730386349146
1617106809703902244 0.3598952595566759 -0.8684381904119759 0.48509301425174045
1617106809737222433 0.3879194274909437 -0.8422119943300177 0.4865205601549416
1617106809803998470 0.4527265447192348 -0.7710504976827054 0.4912593030600809
1617106809870630741 0.51598667803493 -0.6866959369147457 0.49627747710709447
1617106809937272310 0.5691487998500582 -0.6042908734902758 0.50151128352025
1617106810004163026 0.6295758609018974 -0.49649792755195604 0.5080998488949654
1617106810037248849 0.6636699762714986 -0.42948869232995707 0.5123082821905702
1617106810103961944 0.7138036185905309 -0.322133182991682 0.5194283108335498
1617106810170375108 0.7700843138987071 -0.18887023802848404 0.5350069217747204
1617106810203722238 0.7934168384847198 -0.13024267922569052 0.5446103785676305
1617106810270287513 0.8453409698289599 0.008838738661276047 0.5641034284543373
1617106810337284803 0.8921510345011356 0.1480913074777917 0.581784420570678
1617106810403945446 0.9265740003251459 0.2649440649977054 0.596859386793304
1617106810437316894 0.9469631178885621 0.3410226996993787 0.6073897508825075
1617106810503984928 0.9720360196013178 0.4510919234256456 0.6246108815626165
1617106810570516109 0.9918008531613676 0.5730512622576514 0.6441842354812294
1617106810603911161 0.997156339527358 0.6228146788501598 0.6530582116714183
1617106810670559167 1.0025213920342861 0.7322378840944672 0.6758262521486197
1617106810737250328 0.999250806823772 0.8176348081590578 0.6971260318423458
1617106810804002285 0.9880430079354133 0.9071216099642958 0.7228468046023928
1617106810837374210 0.9786776022080261 0.9522296747721672 0.7385846119640226
1617106810903997898 0.9616673986322346 1.0115939576355824 0.7618192099591526
1617106810970652818 0.9388892116143535 1.0704311303754581 0.7838923390944473
1617106811003928899 0.9284007854850209 1.0927264419219338 0.7911355085094743
1617106811070948362 0.9024917958682734 1.1363450040713314 0.8044558025697415
1617106811170679569 0.8640286930803748 1.183051292217878 0.814655203833041
1617106811237287759 0.8365775505989294 1.2066818204163126 0.819950555463564
1617106811303846597 0.8127386856151064 1.223072946797393 0.823419602881479
1617106811370588064 0.7840798735049221 1.239208029153149 0.8245774881592149
1617106811403935670 0.7715017846669008 1.2453340745787116 0.8238041949223184
1617106811470642805 0.7423222077688623 1.257694032230623 0.8209512474834267
1617106811537229537 0.7167107730053847 1.265421032803146 0.8179333409876888
1617106811570633649 0.6997670979761601 1.269161065001689 0.8144186338669008
1617106811637304306 0.6745567184243897 1.2721674295535952 0.8080463715138262
1617106811703922033 0.6449288055454508 1.2705363094597022 0.7993419344709362
1617106811737281084 0.6283907975665627 1.2669099092603673 0.7939099242498503
1617106811837235689 0.591916031202078 1.2500559716684985 0.7816224140272201
1617106811870638370 0.5763113306625025 1.2384909343999695 0.7760088929828728
1617106811937335252 0.5538083946533705 1.2163099949556946 0.76809020526132
1617106811970625877 0.539060113076821 1.1983038339409833 0.7627544472608246
1617106812037293910 0.5175568687197529 1.1674201899441938 0.7532590202361745
1617106812104210853 0.4927444307024494 1.1271231522878884 0.7374164874999755
1617106812170702695 0.46808278614491516 1.0824090478046204 0.7180321420158069
1617106812203919649 0.4576407882770468 1.0620262691982 0.7098050644244414
1617106812303877115 0.4216136007843153 0.9913142850320097 0.6801733764012209
1617106812370603322 0.39526571080348544 0.9409325174856311 0.6576480481514396
1617106812437515258 0.3717903807010025 0.8975259722347994 0.6370076162286598
1617106812503966569 0.34324097659161557 0.8472692015255384 0.6109323024421622
1617106812537261247 0.33066563881926464 0.82575525477185 0.5991321289809298
1617106812603790044 0.3016013483190352 0.7762046969674605 0.5703768293721266
1617106812670646667 0.2731281672638477 0.7276958000069076 0.539507837700348
1617106812703919887 0.26125282567787717 0.7072147517989302 0.5258875310757456
1617106812770608663 0.2340247116187054 0.660014784858154 0.4921496793487279
1617106812837169647 0.21165080462211003 0.6203443747384163 0.4614313030572123
1617106812903810977 0.1867576602483243 0.5751541261783247 0.42334771491988943
1617106812937212944 0.1731685413491422 0.5496751873815505 0.4012149868334901
1617106813003934621 0.15360864232622162 0.5121195182674216 0.36697339528426165
1617106813037290811 0.14370362702027148 0.4934642314313136 0.3496072298911227
1617106813104141712 0.12075203274058169 0.4501915908396176 0.3079664659675726
1617106813203847408 0.08670795814038271 0.3887179046289141 0.2486069504067041
1617106813237242221 0.0760386986082381 0.37027469460844953 0.23128982326175113
1617106813303961515 0.05017356667428399 0.3271973984354184 0.1918541000814296
1617106813337340831 0.034618224053154796 0.30250291290459413 0.1708646179295716
1617106815870616912 0.030921000760775 0.20644565440646337 0.1102354964853138
1617106820003912687 0.03912943345897986 0.12314402621807087 0.11079980389227494
1617106822103913784 0.03865254610813406 0.12384374332197803 0.11026724808498377
1617106822203907728 0.03862902232044999 0.12382917648385203 0.11028966870270113
1617106822437334060 0.0386371386510701 0.12383530407455094 0.11026985639725902
