1617105141483906507 -0.17714641664334163 0.12537176417997378 0.2811377125677385
1617105141517513275 -0.21817441432714357 0.1204470655267318 0.28320244579519305
1617105141584496974 -0.24377861999533357 0.11976109609376721 0.2921683396796706
1617105141684296369 -0.3444495593824666 0.1395420513111092 0.2959581202383781
1617105141784324645 -0.3353855826888963 0.1415787972746591 0.2965876668424571
1617105141817564010 -0.335199804457714 0.14478550789672123 0.2997874008015101
1617105141850891351 -0.3441746934458254 0.15234169139595213 0.29914546369357575
1617105141917604923 -0.4230963046753806 0.15816749964628646 0.30186244402112294
1617105141950916528 -0.47261021589485575 0.16670520471039232 0.29189219663187915
1617105142050914764 -0.5367652599267863 0.17603824259600265 0.2901491834856415
1617105142084281206 -0.5119903970237027 0.19431468162594112 0.28578515316371017
1617105142150967597 -0.6387048992990203 0.19476326234852628 0.29457300283866805
1617105142184362649 -0.6405621106724819 0.20552074842519952 0.29858683518309626
1617105142250967025 -0.7143034565886253 0.2097324854220734 0.3062565902008907
1617105142317335605 -0.8121524593517342 0.21161074016524667 0.31216672285151115
1617105142350747108 -0.8419582537106538 0.21406491676318137 0.31735072289611765
1617105142417911529 -0.7931239532153191 0.21553693813899408 0.3130700894360529
1617105142484341144 -0.9725560739077648 0.21790385355911834 0.3299660091628521
1617105142517567634 -0.9723827752371599 0.20998622234774092 0.3317177707016175
1617105142584320545 -1.02730304851467 0.20770211917900805 0.33428554646343855
1617105142684361219 -1.1071852074242718 0.1750244827852451 0.35901729658595816
1617105142783879518 -1.174023527196907 0.14644267199953387 0.36984502527178376
1617105142817695856 -1.200952049294377 0.13621485707461717 0.37650747459730005
1617105142884512424 -1.2063950603494509 0.1038878806933088 0.3847975190280736
1617105142951382637 -1.317872943964029 0.06037180259308621 0.3929480162822317
1617105142984325647 -1.2569933509275795 0.037701109475290984 0.38956159655092126
1617105143050972461 -1.3466658464802226 0.008655473554816329 0.3984090793984988
1617105143117564439 -1.3592068410209528 -0.03870087529703828 0.40105129703664455
1617105143150937557 -1.3672889338220657 -0.07232522030164584 0.402030545520078
1617105143218115806 -1.429949388836119 -0.07582561684986505 0.40294861300667617
1617105143284353733 -1.4277346407983162 -0.11476636088288206 0.38502116132675485
1617105143351132869 -1.4086626614764057 -0.1575225770430893 0.3648688686573328
1617105143684326887 -1.5296112063768565 -0.2891690965738562 0.21564681576935768
1617105143884216547 -1.5110868126454782 -0.3302143097856906 0.1640244510541013
1617105143950901985 -1.4731002342906439 -0.33895771255246115 0.16141242884415063
1617105144417651653 -1.3435824620775216 -0.1939380775487553 0.35138168619060395
1617105144484312534 -1.3335500211695068 -0.1745303678397932 0.3825951049024475
1617105144550950288 -1.3548901064859993 -0.13560624367581475 0.41319433332629013
1617105144617579221 -1.3236045158095306 -0.10454382883797164 0.44507452230634087
1617105144650959730 -1.2485021291421523 -0.07923402433363214 0.46829118666902014
1617105144750884771 -1.3067957220713526 -0.057988780895802255 0.4808160993750515
1617105144784406185 -1.3038114782584702 -0.021534985035867205 0.4917676287351135
1617105144850967884 -1.250960107829092 0.0039018055673532837 0.5009737760143489
1617105144884274959 -1.2102676004085322 0.0352136399958933 0.5176283515815263
1617105144950971364 -1.2488090302565742 0.04524279427518979 0.5177511465588844
1617105145017673254 -1.3059233385616116 0.06138603338646413 0.5058035313600434
1617105145051043987 -1.3993040358294206 0.07765442243929879 0.5045294227289266
1617105145117744684 -1.026622793226184 0.06171872416674694 0.505295147563055
1617105145217571020 -0.7851583375276823 0.040653389966977704 0.4913881336100942
1617105145284331083 -0.7973134592005588 0.037463689565431085 0.4913054663745737
1617105145351112604 -0.8019563465171391 0.023714577905958878 0.48848181766963933
1617105145417802333 -0.8499667914075055 0.007785184684413693 0.5010278378244964
1617105145450943231 -0.9553775139933918 -0.011987206471724104 0.5035061172011879
1617105145484271287 -0.9004116760211676 -0.028154356704115813 0.5104350325080025
1617105145550950765 -0.9640698190428179 -0.04495955442579003 0.527234544845211
1617105145617677450 -0.9525692893212732 -0.06443529845352783 0.5274564744065735
1617105145684277534 -1.37038374647517 -0.04155787000426636 0.5346250864500117
1617105145717603921 -1.293617826179947 -0.07801008512616925 0.5436229243132468
1617105145784251928 -1.4000095618171837 -0.07512554846806113 0.5474266175593137
1617105145850906848 -1.8085537653100032 -0.05033885000234234 0.5380797089986399
1617105145917679548 -1.4022825559713823 -0.11250008666999528 0.5548778055554935
1617105145950929403 -1.4130066303080668 -0.12548792816324866 0.5582621247131547
1617105146017611265 -1.45633941448069 -0.12538056002164671 0.5582145787516034
1617105146084605693 -1.7993438928235035 -0.10649132589497762 0.5409110118627564
1617105146151095151 -1.8138366640231784 -0.1253202221075933 0.5328731765638144
1617105146184223175 -1.8141235579695976 -0.14164685313870107 0.5290874163445238
1617105146250669717 -1.8075292101621643 -0.14580680589717127 0.5235880556673314
1617105146350945949 -1.9117765366580515 -0.15802724598481366 0.5221569925828321
1617105146417689323 -1.9440040179504536 -0.156765816256848 0.5213241370872629
1617105146517614603 -1.8259746481213397 -0.1986905510526889 0.5406507189411016
1617105146584266185 -1.9985810277384344 -0.18601323376675305 0.5388774005731833
1617105146651103019 -1.9969530560543858 -0.1880471679650329 0.539510598469727
1617105146717601537 -2.001959553777999 -0.20258255598738828 0.5433461355509709
1617105146750991106 -1.9985170987383432 -0.21648320555993422 0.5400290334726471
1617105146817521572 -2.034562860105274 -0.21190370725624413 0.5454895578131
1617105146884514093 -2.02924007323067 -0.2226183589544854 0.534390838385298
1617105146951243162 -2.030290907473942 -0.22917844571663043 0.5230507830484895
1617105146984267711 -2.098720950777148 -0.2302403151882686 0.5053388031652907
1617105147084319591 -2.1678969267511636 -0.23361772654780089 0.47359560765025893
1617105147184280157 -2.155306844989626 -0.2576940590341372 0.448276016617929
1617105147217691659 -2.160824134307873 -0.24159454174236034 0.4378158510697543
1617105147284335613 -2.1430901987750426 -0.2623020453079726 0.4045302275148597
1617105148950664281 -1.8306043539285057 -0.27593675846756116 0.3006350974255375
1617105149017393827 -1.8075681499781382 -0.26704687543441 0.2956192446811834
1617105150417652845 -1.770664801437917 -0.0036975862238477764 0.047163799085639835
1617105150484331607 -1.7069038860538903 -0.009783254727352447 0.036001160078043604
1617105150550988912 -1.675176663926388 -0.011820892130943311 0.03181992720952875
1617105150651005744 -1.7407714302916717 -0.006892019960332146 0.044566965543211934
1617105150817609310 -1.777520703603439 -0.007597354466470613 0.05042759619892273
1617105150883958578 -1.6424086134288718 -0.015969774721270064 0.023410218407049876
1617105150950968742 -1.7929574572440488 -0.0037086305301483324 0.05343660810566603
1617105151050936222 -1.76840066548713 -0.004533342731701667 0.04864987117196279
1617105151117743015 -1.7068345648575143 -0.010450633819712923 0.03664908822502766
1617105151184354305 -1.7256483022859292 -0.010150655290427663 0.03966049574449804
1617105151217616796 -1.689642987578139 -0.013923103526852249 0.03196486451270231
1617105151350941181 -1.7138733942629343 -0.00918827552539006 0.03670239938604508
1617105151384364604 -1.7997665134263054 -0.0012218639502478146 0.054130053515851206
1617105151550812005 -1.7969359429237257 -0.0027319709215378463 0.05357746188171969
1617105151650963544 -1.7391793610815118 -0.007027933146703108 0.042302065662847055
1617105151850888729 -1.7095537405844952 -0.007575083042639902 0.03717912402980256
1617105151884341955 -1.7253800320186166 -0.006894079871134273 0.039608123296870246
1617105157150923252 -1.6249940843795359 -0.22320501116658953 0.24289918592419907
1617105157217795848 -1.5834657978409 -0.2186005362244966 0.2765086428904866
1617105157417629480 -1.3593023426580477 -0.25055977950628106 0.3559269461492595
1617105157450953722 -1.35583413663807 -0.23582276435552063 0.3825793654072734
1617105157517901659 -1.3480023140610764 -0.23631966763653273 0.4115059419268349
1617105157584351062 -1.297471470415759 -0.24055093110096581 0.44795764495009277
1617105157617671012 -1.2418812794801597 -0.241433565530903 0.48588255330505864
1617105157684239387 -1.2392743282056027 -0.241842273956768 0.5171203815216939
1617105157751029729 -1.1685406383320731 -0.2471803035137336 0.5323266285759035
1617105157817645072 -1.101321617569318 -0.25842028127369177 0.5641421028277882
1617105157850900411 -1.0931451509007992 -0.25799945571556604 0.5905798694376064
1617105157950912952 -1.0453463919166013 -0.2636628506310949 0.6114935866592237
1617105157984318017 -1.062614683678007 -0.2593006951007002 0.6430657663809748
1617105158017679214 -1.0121580011453855 -0.2644265150257391 0.6660785945222607
1617105158117623329 -0.9633705376500199 -0.26920950577020386 0.6967197208686419
1617105158151220083 -0.9175994602372923 -0.2671773671046499 0.711869382670089
1617105158217571496 -0.9290949618225146 -0.2583280068685281 0.7314822450464806
1617105158251002073 -0.9278786794789284 -0.2620785632644174 0.7565985236562704
1617105158317660093 -0.9141283115779419 -0.25782216635606364 0.7677816843814063
1617105158384274244 -0.8641486500895832 -0.25595598138135944 0.7882237578239335
1617105158450994968 -0.8536421264788379 -0.25104279285409525 0.8103664859425717
1617105158484375238 -0.854187512889903 -0.24913607548576167 0.8176273476789171
1617105158551001548 -0.8073457943537319 -0.24545145279341124 0.8387158670052235
1617105158617807865 -0.7601725439522999 -0.24150430392023575 0.8480584675850527
1617105158684255838 -0.752435403397103 -0.23591516799593676 0.848981259611542
1617105158717876672 -0.6749173125287911 -0.24218764665303288 0.8562896969942285
1617105158784301519 -0.6795192260389045 -0.23288669679857232 0.8451052590147228
1617105158817669630 -0.6394070663137006 -0.2281913317937354 0.8272159512991513
1617105158917778968 -0.5523879915817678 -0.23396114443742938 0.8215882785093499
1617105158950987100 -0.4427519839146643 -0.22560929513968636 0.8080991336720776
1617105158984263896 -0.36019026294492873 -0.2129074960058145 0.7714942797489894
1617105159050937414 -0.32174956933422383 -0.20854989359855602 0.7640051800616943
1617105159117601633 -0.35947651008667325 -0.19386389198380383 0.7237491546758996
1617105159184453010 -0.32626470655670703 -0.1683914020239668 0.6864371588854548
1617105159250944137 0.10340249551062053 -0.18352812025974374 0.676240691463591
1617105159284313201 -0.27230120760067633 -0.13551853678838555 0.635264172003897
1617105159350721120 0.1277991939463301 -0.13984873944706078 0.6159147442459221
1617105159384135484 0.20741622504221757 -0.10796307819054118 0.5843094009616564
1617105159450990915 -0.0932855492926783 -0.07105271907604527 0.56116149701298
1617105159517542839 -0.016924259039781564 -0.04461428268306686 0.5315407805275654
1617105159584300279 -0.025204294696150598 0.002332951099305758 0.5058509872411682
1617105159617626190 0.04174177189463135 0.046555618623747075 0.48164957300152356
1617105159684342861 0.16240158290308804 0.06563636634879354 0.4722625427559506
1617105159750932693 0.2445307055736925 0.11923364107958398 0.45491920154280874
1617105159784325361 0.2998751034716789 0.1725443863873255 0.4383585048108342
1617105159851005792 0.3597148915351549 0.2056233437388763 0.42770028018831435
1617105159917685747 0.42182385623810026 0.26167089005205035 0.41025539306747694
1617105159950979232 0.5096400039846647 0.33200738812017905 0.3879148899911723
1617105160050978660 0.5083688024001938 0.36365714721494946 0.383976732991802
1617105160084273099 0.48005839053736254 0.42678006044188227 0.37402839583534775
1617105160117609739 0.5182746726021983 0.4712706095278138 0.36657922995960696
1617105160184353113 0.5349739972647343 0.5308167236457685 0.36353403802780127
1617105160251148462 0.522201981843645 0.5947220103030162 0.35324122868322017
1617105160284284353 0.5408164279190024 0.6682871568510406 0.35009265046640436
1617105160351010799 0.5371122456128075 0.701110237478388 0.350191996679716
1617105160417660236 0.48356401971406937 0.7723408012814523 0.34112277453488654
1617105160450912237 0.45081579611281386 0.8474548980118057 0.3173138678090288
1617105160517653465 0.42552724964306554 0.8863668530425808 0.31949116404122274
1617105160584212541 0.3546399556293305 0.9449853444889567 0.31939110427380657
1617105160617674589 0.370188327077114 1.0411605252148208 0.32396232706996264
1617105160717536687 0.2725987699853447 1.0541276487909226 0.32477573377043645
1617105160750774621 0.25514153231314607 1.13392569664497 0.32288856212728606
1617105160784237146 0.22619684281187213 1.1953412065423035 0.3214327966554136
1617105160850922584 0.1268822132435603 1.2422949729679398 0.32981108955587535
1617105160984266996 0.03586739658484017 1.3293798711493257 0.34357590740107113
1617105161017676830 -0.05846418625432159 1.3458131894169356 0.3511906254366964
1617105161117489337 -0.12047526984892976 1.3679444477240639 0.3587608800122465
1617105161150887250 -0.22372892483950624 1.3500818185455914 0.3650841083201553
1617105161217568159 -0.265629836385858 1.354297799545709 0.37935340158982545
1617105161250966787 -0.2601742388122714 1.3669649997129032 0.3824941085492189
1617105161317505359 -0.30875991982111506 1.3587925175785538 0.3955043729586246
1617105161384284019 -0.47742803346885143 1.3028601248582163 0.41438291042967756
1617105161450931310 -0.493341914949434 1.3007520843613158 0.4309994768369088
1617105161483973026 -0.5632723912348614 1.2769448715062657 0.44681867562482563
1617105161550946235 -0.5933602420263253 1.2661489140372566 0.4559606347876154
1617105161617670059 -0.7102948301898762 1.2280841587265527 0.4736959859480281
1617105161650958299 -0.7411762686364529 1.2094926051523585 0.4973799050792781
1617105161717630386 -0.8183012201133848 1.1781124837398482 0.5004210048391206
1617105161784273624 -0.8930189875450334 1.137881174712596 0.5286056364601651
1617105161850924491 -0.9760117757034328 1.0897321786904821 0.5524923084442205
1617105161884225606 -0.9695035111384818 1.0670729850211997 0.5650058201605281
1617105161950984954 -1.0145516987089525 1.0145402354290596 0.5921855922007067
1617105161984350919 -1.0250682975222913 0.9492997079277854 0.6237242404768438
1617105162084289550 -0.9968788669438085 0.8790951094392707 0.6557603122726727
1617105162117666959 -1.0851915558362837 0.8174180774821513 0.6670956854884006
1617105162184344530 -1.0246801210101402 0.7462629864467818 0.7136448252507743
1617105162250964879 -1.1470917558957314 0.6338080429486204 0.7340152690293547
1617105162284304380 -1.2049746637431276 0.5392371699047193 0.7706844735550294
1617105162350652694 -1.1786088547877345 0.49605132803260177 0.7907848495135503
1617105162417602300 -1.264102004449263 0.3950141405988316 0.8093719662128214
1617105162484277963 -1.2720363089929836 0.3050107267050141 0.8289234294709386
1617105162517540454 -1.2709184781721143 0.25838486805739724 0.8338213372786929
1617105162584299802 -1.2827336571485528 0.1564304380380041 0.853471160124157
1617105162650880813 -1.2192967931554581 0.06472899583980625 0.8666929351995312
1617105162684302091 -1.231827450069693 -0.028664655755962665 0.865661949667901
1617105162750971555 -1.107567176409722 -0.09537820833286126 0.8847233269411807
1617105162817517518 -1.0475971546499077 -0.20071151898906736 0.8926776117594779
1617105162851101875 -0.9596826615573049 -0.31483980268847717 0.9152908407556019
1617105162917360782 -1.7053439291752008 -0.2256973682605261 0.8048299164824382
1617105162984341144 -1.5108252640678197 -0.34106617916400345 0.8456231342568676
1617105163050921440 -1.4998312936851872 -0.4121240315477635 0.8502223630246535
1617105163084394693 -1.50936250900571 -0.4508539720083368 0.8487311162637808
1617105163151221990 -1.4141342876005583 -0.5542694701941675 0.8621333545632425
1617105163217593669 -1.370878145053231 -0.6308531926959773 0.8551699002814944
1617105163250977993 -1.3248593681758822 -0.6857399206380757 0.8543450150996021
1617105163317275047 -1.3287766629264355 -0.6960473048201512 0.8429318499593499
1617105163384428501 -1.2280607237373946 -0.7613192465821708 0.8396852287777707
1617105163450952529 -1.121483522353429 -0.8185042227416643 0.8266918461208599
1617105163484368085 -1.1230877135462705 -0.8346367721345 0.8189718105771705
1617105163584345340 -1.0317292385071601 -0.8909436485549294 0.766517896685773
1617105163684297800 -0.9506147566778185 -0.9226892825402118 0.7588603176476656
1617105163717815399 -0.8902449471461273 -0.9522679073310574 0.7276320428941797
1617105163784316778 -0.787308989664047 -0.985934924065627 0.7157852246901588
1617105163984326362 -0.5323622323948412 -1.079508988430212 0.6275575646104745
1617105164050918817 -0.5278930432077393 -1.0771167902906824 0.592336651660388
1617105164084311485 -0.45021595238032086 -1.1027133155063473 0.5692462352175388
1617105164150851249 -0.34420751016074824 -1.1311211512377135 0.5584001713488084
1617105164217440843 -0.2811447540528551 -1.1346379550229677 0.5349849352722719
1617105164284311294 -0.18468266653629772 -1.1537911804369494 0.5166446120435609
1617105164317674636 -0.13773000546715375 -1.1592288832712123 0.510459452600689
1617105164384331226 -0.02888227668895116 -1.157043478505489 0.5011744007673565
1617105164451151132 0.07913330771370974 -1.140386118558409 0.48653061663131364
1617105164517619132 0.13977778925664852 -1.1022365128036544 0.47830446548562294
1617105164550919771 0.19261845052229054 -1.0906726704734682 0.47227924858345904
1617105164617528915 0.31970119574022293 -1.0602990470042488 0.46476299432624923
1617105164651103019 0.3357216537323482 -0.9964386875729803 0.4545897675519497
1617105164717513799 0.4474358239825489 -0.9894779196282752 0.4515813439015098
1617105164784311056 0.5342461021359788 -0.9289902714174192 0.4445748139658942
1617105164850996971 0.6046225123568827 -0.8668705738109057 0.4387772319019094
1617105164917677164 0.7472466782815252 -0.8093412663584076 0.41970405259200877
1617105164950887441 0.8008674331827703 -0.7770482338821534 0.41631228933947223
1617105165017660140 0.8246400112378951 -0.6785876497398768 0.40331062253759675
1617105165084218740 1.0257355383851547 -0.6102127344329542 0.3886941329704383
1617105165117623805 1.0384326261582175 -0.5738024732981317 0.38552929118212836
1617105165184310674 1.1574121256842367 -0.4949793426517482 0.3683698220556234
1617105165250972270 1.1882619013824178 -0.4077018032157434 0.3631850137032592
1617105165284311532 1.3036278244661434 -0.3119468837216216 0.35299155818593153
1617105165384330511 1.2531431523992826 -0.25785275284667714 0.3494938047885557
1617105165417642354 1.3447044996709727 -0.1682853683259838 0.3316711418412236
1617105165450936555 1.2715174095474109 -0.07988171327963678 0.32585239936271215
1617105165517679452 1.3531618170818658 0.01035346219636743 0.32044600848467353
1617105165584331512 1.3081150512949002 0.06011354226407341 0.3076946505253524
1617105165650964975 1.309432084666161 0.14738151007846728 0.30921273649698333
1617105165684323072 1.2999223833770572 0.2501410304693298 0.3048363732050416
1617105165751011610 1.2173300939375662 0.28425765242650025 0.30591318837498227
1617105165817597627 1.2509187342137102 0.37434412734041667 0.31100838941233966
1617105165851001024 1.1703390828722955 0.44871448892180166 0.30741116986053296
1617105165917464017 1.159689586607008 0.48449761612366427 0.319865389109029
1617105165984343528 1.0678551772977634 0.556328441770779 0.3285223741654631
1617105166017627716 1.0532724340907333 0.6249163194469081 0.33190053629780725
1617105166084383249 0.9861444407253015 0.6788939739072917 0.343999774537341
1617105166150931596 0.9569955398512895 0.7093787027963152 0.35201702732958384
1617105166217673540 0.832139013964762 0.7652811260549208 0.3706170799148765
1617105166284253358 0.8021471276949339 0.8052418465201241 0.38673057098301267
1617105166317627429 0.7543346530666217 0.8323742175938602 0.4042967372713372
1617105166384535551 0.6229321052401899 0.8560679801286433 0.4332326041666491
1617105166450925111 0.5580313293558654 0.8971733456831803 0.45378665753800596
1617105166484548807 0.5496126703851485 0.9478082380657915 0.4938018149542492
1617105166584343433 0.44972291892338623 0.9554460613962878 0.5076052136761993
1617105166617648839 0.4502959416408703 0.999858866545436 0.5454051082297201
1617105166650943756 0.30048625766158965 1.0171322954783848 0.5831046535409187
1617105166717734336 0.2916023902646647 1.0329591697231608 0.6042201355873763
1617105166784322500 0.22359338390254413 1.0575287415704584 0.6477833649344953
1617105166850934505 0.19916486408885392 1.0855387358161244 0.689737215234107
1617105166884281158 0.1418428168641559 1.103255345385827 0.7412042950504649
1617105166950940847 0.050230669721021304 1.0931412662881095 0.7611558331258941
1617105167017619371 0.01706756538282983 1.1160667898908598 0.8127512315181123
1617105167084501504 -0.043707863368496636 1.1201542878618964 0.8664446435291924
1617105167150882482 -0.08693926640982719 1.1199868179799082 0.912345515117641
1617105167184314012 -0.14464568118460264 1.119387351886135 0.9282285932474755
1617105167250982046 -0.23459762747080326 1.1014625393235082 0.9525235654521905
1617105167317656993 -0.27952068870303126 1.0913469360464692 0.987930785772352
1617105167350946664 -0.33048977853137673 1.0700547015240103 0.9956928158872275
1617105167417535543 -0.34101641534086413 1.0525020814647439 1.0251226560434819
1617105167450908422 -0.36893461724137877 1.03617925515634 1.0292806606883547
1617105167517643690 -0.41047623571338576 0.996870779824476 1.0478884109027375
1617105167584229946 -0.4202310064163326 0.947614757181042 1.0609064497489384
1617105167617585420 -0.47403910426384765 0.9008857747671994 1.0641863685883635
1617105167684158563 -0.503175515230545 0.8601421805878977 1.0591769200591976
1617105167750937461 -0.5368282842365342 0.8100512053580622 1.0644962914637048
1617105167784802913 -0.5096281878159203 0.7397943778191123 1.0733325195881003
1617105167884253025 -0.5476325326437887 0.6983518031400535 1.0696478674394552
1617105167917683124 -0.5726528980214081 0.6225954706752531 1.0692077589662143
1617105167950870990 -0.6091636130340716 0.531821722334323 1.0705958733158267
1617105168017603874 -0.6200190715781124 0.4430224252141039 1.0745415265454228
1617105168084141969 -0.6745209772332887 0.3921983914476328 1.069430223578026
1617105168184330701 -0.6511701790635103 0.30787165635052627 1.0825097873316052
1617105168217602491 -0.6506992205814237 0.2132476567601308 1.0923547108859428
1617105168250897884 -0.6437882957140268 0.1233646581849428 1.1024660416465752
1617105168351186513 -0.6131993608627555 0.02612599693839615 1.1231559824386816
1617105168384306430 -0.589225460047067 -0.020709511263893615 1.1338409160351017
1617105168450890541 -0.5048112421614106 -0.1103663717912049 1.1597866608917449
1617105168484672307 -0.5530305845336909 -0.19771124500816945 1.1581139697039546
1617105168584254980 -0.4286274695536969 -0.291841750630779 1.1917973262872241
1617105168618046998 -0.3511540343076809 -0.3406154678015498 1.2077682399596785
1617105168684295415 -0.26279420171448153 -0.4243912351503177 1.2270744597938996
1617105168717699527 -0.27509724700917504 -0.49522257807577746 1.2267094594456078
1617105168784459829 -0.3916844646686055 -0.5031610157649602 1.205729571612492
1617105168851022243 -0.34954773340785117 -0.5624308051953979 1.211295263466767
1617105168917560577 -0.5407580467919089 -0.5631182810233537 1.1767491914167414
1617105168984261751 -0.5066094724112085 -0.609311124633565 1.18387009858855
1617105169017684936 -0.44878576572852724 -0.6319651289666486 1.1928206050076995
1617105169117610931 -0.377127665962564 -0.6698206143192371 1.2034709451718268
1617105169151213407 -0.37797485173161505 -0.6833568746358103 1.1916708245383352
1617105169217544555 -0.17420144699306528 -0.7407084049906614 1.2196621944071242
1617105169250771760 -0.17303803518644179 -0.7421114210982713 1.2120697174370525
1617105169317276716 -0.03193628993975839 -0.7813827172393428 1.223702789543495
1617105169350953817 0.021657108422270976 -0.7993034680720097 1.2105504098906252
1617105169450879573 0.10250380609430065 -0.8217385664004058 1.2017053639533442
1617105169484577178 0.1592295463189406 -0.8406968438209395 1.1973982721482122
1617105169550982236 0.18636078430878777 -0.8437947296197461 1.175280004911126
1617105169584159135 0.23685177248818912 -0.8464343735037727 1.156656008512829
1617105169684324502 0.32465624827356043 -0.8705953268115758 1.1572004930241597
1617105169717565774 0.29672414779382317 -0.85363743823172 1.1162190816259339
1617105169750912427 0.4190835716588892 -0.8680323452254268 1.0948128376648416
1617105169817559003 0.5000353689337795 -0.8835857046138773 1.0906259219337966
1617105169884193181 0.5375122641550703 -0.8699865330251055 1.0520118379482963
1617105169917582511 0.5696858746683655 -0.8547886512650271 1.013361792143637
1617105170017596483 0.6910780009562267 -0.8717057663142496 1.0018971701033146
1617105170050902843 0.7043236420140766 -0.8347334976029741 0.9565406656138546
1617105170084223031 0.7340269774512245 -0.8079327006712231 0.9124775196310125
1617105170150949716 0.703776281514275 -0.756028128816731 0.8668681352883567
1617105170217637300 0.7898431451678278 -0.7439234154061027 0.8573878765335742
1617105170284159898 0.8336607720158233 -0.7028940168269329 0.8142121168143865
1617105170317521810 1.117401080371891 -0.6954118899700428 0.7941670856122542
1617105170384342432 1.0492990460482408 -0.6524889595808865 0.764607811567625
1617105170450838327 1.099119449297405 -0.5860024193828102 0.7346364659100787
1617105170517597198 1.4854724736953586 -0.5626742822034689 0.7227412375117068
1617105170550976991 1.549722124554378 -0.4834444498135175 0.7110662844344319
1617105170617630004 1.0880058902140024 -0.39469694441851216 0.6758241296765529
1617105170684302091 2.0006167550955696 -0.38981376843145926 0.690317724809087
1617105170750895261 1.274912077998454 -0.23181647801647653 0.6416776328010649
1617105170784337043 1.401683799616857 -0.18791110121850518 0.6379273292923888
1617105170850944042 1.4217839155538798 -0.09375872167653526 0.6242294976447726
1617105170884319305 1.5529235935487544 -0.0009550712367265013 0.6214833600022187
1617105170984180450 1.6275146763371011 0.052803338254899024 0.6202371093255685
1617105171017520904 1.629165905635365 0.15366111068222643 0.6103575933489664
1617105171050972938 1.6023585012939425 0.20975380876140495 0.601450513054852
1617105171117506027 1.623856450800265 0.3139735208229976 0.6003088649229145
1617105171150916576 1.646762637339941 0.4339928862653717 0.5975277850882065
1617105171217650651 1.6393797518714854 0.4817115068338095 0.5973589554118189
1617105171284301280 1.6198087784340198 0.5863307464079931 0.5919576872500403
1617105171350887537 1.5992455209849052 0.6917582229843904 0.5816350668971988
1617105171384302377 1.5149774895610677 0.7973623838958692 0.581553752468008
1617105171484243869 1.5046057335760135 0.9061400406892168 0.5797242964388368
1617105171517597198 1.4507526018965007 0.9453718234305581 0.5786370056077733
1617105171617607116 1.3390278275376262 1.0407865452917047 0.5795166915022035
1617105171650863409 1.338587654181398 1.1363363770847177 0.5889129597197537
1617105171684620141 1.3289919248035154 1.187794885665489 0.5886963824022845
1617105171784053325 1.1169084077315783 1.2462592060701265 0.6019289760894104
1617105171817651987 1.097399833351742 1.3333819597157188 0.6133854801233272
1617105171850895166 0.9295614476447454 1.388858258890029 0.6230573091175962
1617105171950938940 0.8739423944088283 1.4279074873813202 0.6313107863047245
1617105171984301567 0.8500291478451936 1.5141391331322096 0.6504187208541286
1617105172050929069 0.6503429117795059 1.542898629109946 0.6701376134030734
1617105172084274530 0.6392604637242338 1.5776669434755128 0.6832483453150947
1617105172150861978 0.5266440729910609 1.616148812228363 0.7005343606463735
1617105172184107542 0.4942413175409466 1.6570447128284906 0.7383487262265174
1617105172284114122 0.37396067919560183 1.636097145117099 0.7464199570725967
1617105172317862033 0.3235833991085957 1.6380373347225656 0.7912763121730422
1617105172384121417 0.23510251089092682 1.6151434695607503 0.8031820081184564
1617105173517509698 -0.8403212819641972 1.2556226933915178 0.7052042794991348
1617105173617686986 -0.8760712226806704 1.229547328678295 0.7079346221918464
1617105173650955200 -0.8620265250667303 1.2298099964760636 0.6889468620574546
1617105173684274911 -0.912837898519733 1.1801059795297395 0.6718551921693308
1617105173751084327 -0.9088842610923691 1.1472591988057799 0.6622320595704376
1617105173817695856 -0.899943143376849 1.142008012868544 0.6637025149899296
1617105173884589672 -0.8880584100363582 1.1113885148517502 0.6599369070062018
1617105173950879335 -0.9991699881836809 1.016327173314917 0.6477670890914461
1617105173984332323 -0.9612100605943947 0.9997766883454278 0.6474195938905489
1617105174084474563 -0.9338994807997336 0.8664714981419819 0.6499431510107793
1617105174184210538 -0.9036304049422923 0.8355883370002812 0.653561964105472
1617105174217632770 -0.890151434279908 0.7679611250282738 0.6598062198975404
1617105174284262418 -0.799908186264906 0.7211560728670836 0.6728913525214354
1617105174317368984 -0.7895598492562521 0.6547355027096052 0.679168402499032
1617105174417619466 -0.7549285736302132 0.6231280219449997 0.6843090608736172
1617105174450880289 -0.7280521025068225 0.5516173412633024 0.6908865507526113
1617105174517553806 -0.7222024136440313 0.4893045304897154 0.701788712579637
1617105174583887577 -0.6181558902608919 0.42937519975913396 0.7250729302553167
1617105174617350339 -0.5687836753997209 0.36308814267749046 0.7398762354875075
1617105174650940418 -0.5737469325800846 0.32087700117314993 0.7394777294009489
1617105174750962495 -0.4678831992791639 0.2923577616449623 0.7593086279053995
1617105174784332990 -0.4092821917985141 0.21883786844110767 0.7736332800929404
1617105174850904464 -0.3296243567099535 0.14901578831695148 0.7933578123083083
1617105174884282350 -0.19588866843006913 0.06898282709339434 0.8187010927504188
1617105174950961589 -0.1730049357396548 0.0314143062123394 0.8286628000143648
1617105175050880432 -0.0010428653387113407 -0.1086512189654697 0.8719659312776753
1617105175117578506 0.032452545412660516 -0.1453016995734197 0.8812875659275103
1617105175217688322 0.11277710331923751 -0.25774705507122797 0.899247771401666
1617105175284442186 0.1395538819017923 -0.3139224707147502 0.9008800155239278
1617105175350816249 0.2440878805552047 -0.3439966834382839 0.9119479635766297
1617105175417679071 0.2812536068735443 -0.38750467336422395 0.9096181329461942
1617105175484318733 0.3375057306223632 -0.43571608172561144 0.9091417820224343
1617105175517650365 0.42075479895771606 -0.46326109104379704 0.9099414989905168
1617105175584292650 0.4476652085028463 -0.4945921448058434 0.898335222564919
1617105175650977849 0.5494626348437079 -0.5356018104818125 0.8936350696118978
1617105175684992790 0.5501437718066327 -0.5450415031022198 0.8697057956202041
1617105175750848293 0.6185209991785032 -0.5655805829243965 0.8636262743012779
1617105175817856788 0.6590874385223331 -0.5817878967583006 0.8452905179227048
1617105175884229660 0.23905724639913695 -0.5058608171048007 0.7873728388346276
1617105175917554855 0.258056059538204 -0.512724586642727 0.776358362712245
1617105175984264135 0.26552040563559 -0.5039728374736479 0.7481935181971584
1617105176050826072 0.2820514228225206 -0.49664206333757505 0.7304913902118235
1617105176084508180 0.6255453523788739 -0.5491115717790545 0.7327586931025805
1617105176184239387 0.6517252127266828 -0.5260375087982914 0.7097310010164253
1617105176217742443 0.6288109985924604 -0.498091461890183 0.6854734441665242
1617105176251087188 0.6991033648749787 -0.47411438878663875 0.6612497726510419
1617105176350900173 0.8092827603559045 -0.47699249993836007 0.6502908628999886
1617105176384272336 0.8157359088173384 -0.4355269365943277 0.6251202659733157
1617105176417660951 0.566921586285368 -0.3617782399242148 0.5888899912593448
1617105176484210968 0.8756805565575765 -0.3746694906863329 0.5870441054732777
1617105176550593852 0.5136575175309104 -0.28793263511900324 0.5531064885199857
1617105176617886066 0.5919763796905602 -0.25178071621035697 0.5343897890139162
1617105176684312343 0.5871704663745798 -0.19621784709441342 0.5114733658245445
1617105176717789888 0.2991686378445597 -0.14832338879170182 0.5000209738250834
1617105176783973455 0.7086582751913197 -0.1290479341721984 0.4932667363726487
1617105176850822210 0.3418942478415965 -0.06648182957004042 0.4723617778433622
1617105176884415149 0.34410257447235315 -0.024643835223765787 0.4672762822090561
1617105176950917005 0.382086984233339 -0.0033688747051327794 0.4582712114463367
1617105177017417669 0.41876125704322087 0.041651701531549234 0.45170199603862055
1617105177084425210 0.34595165339501266 0.08849603809303974 0.4456472058723659
1617105177117648601 0.41031343044648905 0.1077807801394513 0.4426978888763495
1617105177184717655 0.30279132375645146 0.152389042292968 0.43833669008395604
1617105177250976324 0.403835683795704 0.19041346702109851 0.43371247498492665
1617105177284332990 0.403416850734692 0.2368282321441549 0.42726934697337976
1617105177384270191 0.3061164914419794 0.2519371417815991 0.42192691409578953
1617105177417840480 0.3051117874653939 0.2909825028970672 0.40933753429716235
1617105177484310626 0.2599320472064677 0.31971781140237654 0.39128513871559223
1617105177517739534 0.29241320795330283 0.33085133026263336 0.38313712634630726
1617105177584897994 0.3087050649899301 0.36043976572355874 0.3588401745067513
1617105177651025056 0.29305006798235533 0.3823901490771478 0.3366339164838089
1617105177684296607 0.29231592340226564 0.3785861521542043 0.3102754104154618
1617105177784296989 0.22726299856183152 0.3916064534652248 0.30284095028118213
1617105177817896604 0.22569516865416572 0.4001817948657704 0.2769385571988755
1617105177883985757 0.19336768490698253 0.40337630631581134 0.2551306124773339
1617105177917665719 0.10489996690228098 0.4045862652455288 0.23452999372560848
