1617105141483914136 0.08677901807006708 0.01015870353191382 10.295791557286178
1617105141517531633 -0.01853393695388557 0.00823912150736284 10.257385707482284
1617105141584530830 -0.03447102004840018 -0.03700832599471021 9.185588913087976
1617105141684329032 -0.14323688334498508 -0.055128767051319603 9.851932984796017
1617105141784379243 -0.14324434150722123 0.059766944913975134 10.26309811940666
1617105141817596435 0.02596043936065678 -0.004112938539086239 9.680833090530133
1617105141850924730 -0.12338695659777937 0.23876980331376702 9.850957918016057
1617105141917637348 0.00754031036896281 0.1987462859300089 11.446760262010658
1617105141950947999 -0.046451212936525016 0.2159935680022702 10.911484089889957
1617105142050947427 -0.1496035299927034 0.2667106117775389 10.323702309486762
1617105142084311246 0.08090525875160215 -0.041703194913273595 10.14997913248202
1617105142151022911 -0.1816250074699141 -0.03375150539822685 10.02497938766625
1617105142184394598 0.06672387635814729 0.12070593097329137 10.341120036876074
1617105142250999212 0.12713974615705828 0.011320139980151678 10.74785168802724
1617105142317342996 -0.01892569669567016 -0.1460877657484098 9.928303091870125
1617105142350763082 0.022762699410060247 0.14616444873097584 10.814119381803911
1617105142417943000 -0.06510119767818373 -0.15129338397959105 9.27797006532959
1617105142484372854 0.023908861678627415 -0.0688709084183577 9.427694927549885
1617105142517599582 0.12189539346144933 -0.024120886379602982 9.370670433566751
1617105142584377765 -0.10690490003611686 0.041276828002698704 9.630629722058176
1617105142684392929 0.1640032614181994 -0.04690595192566005 10.354396399219652
1617105142783885717 0.005885985684035059 0.0028618791663693336 8.25850649349388
1617105142817727804 0.005036235368656515 -0.08537424006311474 8.089701728279362
1617105142884543657 0.07948731316445234 0.026886548466797378 8.473712563593287
1617105142951413869 -0.07515970195428097 0.013123618816846674 7.521848916827525
1617105142984357118 0.10749684045919998 -0.1181562741332883 8.4794874261872
1617105143051004886 0.1865392940354163 -0.17796017677749845 8.969929374610949
1617105143117597103 0.0922113639757412 0.057375512439388814 9.939870067851956
1617105143150969028 0.11500894947714782 -0.14942261900077275 10.146031301640475
1617105143218148708 -0.5375674366950989 -0.968518018722533 9.796371459960938
1617105143284385681 0.023735153586183007 -0.17794729490446243 9.941906190066216
1617105143351166009 0.09243142446345402 -0.13938816945005975 11.46066022715584
1617105143684360027 -0.25334206623321454 0.10519268104819812 11.91699890846099
1617105143884249687 0.02915113595274366 -0.08258221387400208 11.030255307716585
1617105143950935840 0.06303772758841401 0.0697997535783842 10.730466647945718
1617105144417684793 0.6383652650783772 0.08269836705997137 9.268425710203841
1617105144484346151 0.4927157376030893 0.07397841210777714 8.919138027306648
1617105144550984382 0.2278335615222413 0.02265617590910537 8.868962948565965
1617105144617613554 0.1588839796489471 0.052950899242695706 8.926214364769068
1617105144650993824 0.1919113620482152 0.11221263916466152 8.60500561799859
1617105144750940084 0.38838919875613026 0.033848021214367745 8.711277176647975
1617105144784440755 0.40046450979513837 -0.16076306665029716 10.16719656908584
1617105144851002454 -0.061517948319848054 -0.4932529437189762 10.485117186330465
1617105144884308338 1.7492813111118717 0.5584448421005881 11.741378335316783
1617105144951003789 0.2436836421342213 -1.2917853847602982 10.693991649702248
1617105145017705202 1.3407334144716272 1.1062381109450128 11.39469107017054
1617105145051077365 1.2924874375698643 -0.15124272910102773 10.413946777761202
1617105145117778778 -0.20073983542481663 -0.03875003297669592 10.21707174554062
1617105145217602968 0.4872202249046888 -0.14424862706412642 10.158635613265783
1617105145284381628 -0.01463552739761411 -0.4155340022521157 9.358548720901327
1617105145351143598 0.7331460469782224 0.2760731076395251 9.255635353163495
1617105145417852878 -0.4181119649694146 -0.4451209049287833 9.395289450046917
1617105145450974464 0.616909436097897 0.23430701323593617 9.354179209409189
1617105145484303712 0.17915982910621822 0.014417758739592158 8.96500481139491
1617105145550981521 -0.08801814572148203 -0.3524866004206117 9.877376096050781
1617105145617707967 0.9210297549335932 0.015598514240171904 9.436438226375252
1617105145684310436 0.31159781522485985 0.1354268307258767 10.110514564314416
1617105145717656135 -0.006438518075536632 -0.06441348041215501 9.47118522530579
1617105145784285783 0.2459551386584486 -0.48331790171228867 10.00301722807498
1617105145850914001 0.47192544631882466 -0.28465640990745117 10.420238370199488
1617105145917712688 0.7594980800092584 -0.3461484009422888 10.312639116693648
1617105145950963258 0.9921897848918693 1.1598578587000745 11.372084313727632
1617105146017658710 1.30042936108031 0.6417030735030509 11.119001223833186
1617105146084639310 -1.0385349719002213 -0.7059139910328779 10.806146616461888
1617105146151128053 -0.5069729558518039 -1.2593590386293594 10.790385188070553
1617105146184257268 0.06518174335555946 0.05519274067137528 11.114735714538462
1617105146250681400 -0.14824285714482227 -0.8541789749044139 10.653598698873031
1617105146350978851 -0.19178375297463834 -0.04225856224244445 8.733743455721903
1617105146417721033 0.14310746695565038 0.09262932561272913 8.960278706079928
1617105146517647981 0.2742409979976574 0.08997300534674842 8.528954885856466
1617105146584300994 0.24670976002974634 0.05952582153285101 8.965164976953794
1617105146651135444 0.47801936837679443 0.16586752187965623 9.106638816400368
1617105146717634677 0.14212969214606994 -0.3382913908649633 8.908888091066435
1617105146751025915 0.24418590042278102 -0.007535355277667577 9.785947530735259
1617105146817554473 -0.029572671661932608 -0.34024217391619366 9.272391076123439
1617105146884549379 0.7845902789425125 0.1966639387693505 9.692553758175466
1617105146951276063 -0.12550515435250362 -0.671954731548349 9.743066672070286
1617105146984320878 0.595173029645727 0.890968147749574 9.869016458616494
1617105147084352493 -0.4608605439520242 -0.19729315646762977 10.004193165721997
1617105147184340476 0.6870496004133456 -0.0816704982958072 10.103141852146742
1617105147217725038 0.7639909184518351 0.3282811220242285 10.044673418387458
1617105147284393310 0.8003963496946135 -0.5166644450317466 11.097338938990422
1617105148950675487 0.26542901313651635 0.2611306930465401 9.145784744735558
1617105149017400503 0.5112648518781799 0.12212791716030019 9.624624412787977
1617105150417686223 -0.1564569691508959 -0.16255220866194803 10.02335998383562
1617105150484364271 0.036539176111938715 0.32438891109201473 9.834326606300426
1617105150551021814 0.0824187564998928 0.15891712478927988 9.839774242662966
1617105150651040315 -0.12933124179196484 0.1727959964771683 9.850361525540116
1617105150817641258 0.25960552874352044 -0.33864760579283276 9.890594261854357
1617105150883965492 1.3410905447745758 0.6716506045076527 9.764634906826783
1617105150951003313 -0.1365124394678109 0.14940666330463845 9.020171625861522
1617105151050970315 0.8993613293962103 -0.1783214570962685 9.486571792249356
1617105151117776870 1.1875535219510474 0.4805218078610363 10.248584482043675
1617105151184388399 -0.3086310276013453 0.3146224430922812 9.83853686030125
1617105151217649459 0.1401354637847009 -0.5511347083981409 10.212540115963938
1617105151350974321 0.33334175232792534 0.2792166198910103 9.579762279921058
1617105151384421348 0.8595826826577426 0.40369986173831823 9.504546849516023
1617105151550844192 0.031152733880826514 0.6226851033829944 8.875477784321419
1617105151650997161 -0.036156700876599855 -0.29760706095313455 9.718781920456609
1617105151850920915 -0.12426385841700026 -0.018611145726997527 8.991919411012036
1617105151884375095 0.017224873671278278 -0.4325419390221963 10.045706045928918
1617105157150955915 1.3012244398334982 -0.09476751159272057 10.012032822379894
1617105157217889785 0.34427534649118346 0.29579028814797825 9.049607605119133
1617105157417662382 0.18594870839729094 0.13789124611087616 9.479989870023141
1617105157450984954 0.691040085702929 0.7895953903407955 9.463606473558832
1617105157517936944 -0.2555638739037582 -0.23157859183824953 9.12059021895755
1617105157584383249 1.007429779279073 0.5729439729407522 9.71278075598256
1617105157617703914 -0.277975800957153 -0.7781781820696082 10.229744022246729
1617105157684271812 0.47630408232479404 0.11969972742431544 8.817911794763186
1617105157751063346 -0.32164189704505847 0.12498302569637365 9.424390847722727
1617105157817684173 -0.019722775398804862 -0.36349254801891406 10.288262820401755
1617105157850933074 -0.30269233048825317 -0.36825180369356036 8.970255840219599
1617105157950946807 0.4217541109371939 0.8671973172722399 9.696317813934227
1617105157984350681 0.3432397012155072 -0.2606793685121205 9.282787747058462
1617105158017711639 0.697769667070397 -0.08905140146490517 9.536861649424596
1617105158117672681 0.6157017093785705 0.5174365118224884 9.650759978165766
1617105158151250362 1.0769349601577358 -0.0003324798063557236 9.867969254055279
1617105158217603445 0.4717020952318888 -0.11355146569245059 8.590038446522026
1617105158251034021 0.3590083122229001 0.025610866371353413 8.18857201424942
1617105158317708253 0.28516454842359423 0.202271117255375 8.672688861242458
1617105158384324550 0.3220357560299383 0.2597706168312122 7.920222085021025
1617105158451027154 0.09011882993860248 -0.022549208954225436 7.93129330314577
1617105158484407186 0.8373545141885619 -0.056497079625294794 8.102600050682288
1617105158551050424 -0.09878685507956693 0.15117406671411765 8.056477713738726
1617105158617856979 0.1611242647280774 0.593884121823162 8.606814028175732
1617105158684286117 -0.05389240231351147 0.15681731389486578 9.28151050079512
1617105158717907190 0.8799793066659104 -0.16740291333444188 9.9236283603719
1617105158784333467 0.7985557104864449 0.06146946178663202 9.613711783863357
1617105158817700862 0.3189780014057321 0.36985106773159526 9.655141343319789
1617105158917809009 0.2748768899797708 0.01588407316247914 8.99660749462279
1617105158951018333 0.5620135094579152 0.08181730221913909 10.195222145112448
1617105158984295606 0.43590938388723044 0.06541144604521437 10.763469566882524
1617105159050969123 0.7154831502255735 0.25375401838896755 10.600707169248437
1617105159117633581 0.08376205618869446 0.23702992087217034 9.867150147276803
1617105159184496879 1.5108322901405902 0.3601541364251339 11.317458031477871
1617105159250975847 0.45461988434194267 0.8359990401370994 11.242389215796956
1617105159284344911 -0.5953085848893443 0.2995124093979549 10.52539523263684
1617105159350728988 0.1627876430541465 -0.63767983925014 10.046633114991991
1617105159384156942 -0.384248768943493 -0.08669341294323131 9.941196534828546
1617105159451022148 -0.17833167298284192 -0.08738366363069629 10.290681110017585
1617105159517576694 0.3279982473873509 -0.23769984367933944 10.687912079842022
1617105159584332704 0.7483641348024828 0.49337119788780864 10.788381966618525
1617105159617658376 0.1409649021656071 -0.23173448492040338 10.882487181944118
1617105159684374570 0.2802232020986187 0.09468138999827205 10.651944962765057
1617105159750963687 -0.12580383107512105 0.9997518700233069 10.864224448284237
1617105159784356594 0.9983064716763477 0.5739757955904427 10.03079914649986
1617105159851037740 0.6373150729851398 -0.276018049640256 10.041752316991317
1617105159917717695 -0.8131817581671814 0.36336999657616614 9.355918412814525
1617105159951010704 0.09129080042881235 0.49746490165477053 10.877517611543563
1617105160051010608 0.4408905310092756 0.38558945906043157 10.119476606388197
1617105160084304809 0.2787608227564241 -0.44658724017092 9.585466936106005
1617105160117640972 0.40291779861798505 0.9288169248432362 10.64426959732904
1617105160184383153 0.8763788959152998 -0.3621859529364453 9.738297706112366
1617105160251179933 0.2994887617239831 -0.45737030823217717 9.802505395214025
1617105160284317016 0.3720930225886233 0.17188128443738107 9.533821944131658
1617105160351042509 1.4288252472724206 0.7761846516469509 11.005584202252292
1617105160417692184 -0.6595687408980927 0.10640596075475785 10.039999226435908
1617105160450943946 -0.8489579197463808 0.1368858044100047 10.00212782679284
1617105160517685651 0.04486717530379687 0.026537548224333372 10.770570587510417
1617105160584243774 0.519036376955417 -0.07399770986085707 9.83747942115135
1617105160617706775 -0.34669047899956174 0.6093069549685463 10.022958479544565
1617105160717570781 -0.19999225642375046 -0.3163906588653242 10.410274714303544
1617105160750807762 -0.2335578293685536 0.12165409740812197 10.667643051007758
1617105160784267663 0.7853831599828069 1.0916390618969054 11.143390523946056
1617105160850957155 -0.7614735917299355 -0.8906549331356781 9.816765654783598
1617105160984298467 0.5946524133794421 0.12055376229675699 11.262977379373462
1617105161017709016 -0.5234833095303493 0.48111782554215315 9.405454832541848
1617105161117521524 0.8802732628216335 -0.09663733985925324 9.679309030108556
1617105161150919198 0.46680371138382454 -1.0403863640912632 9.828737156870707
1617105161217599630 0.6576974346197326 0.19225367124548234 9.225588105656833
1617105161250998258 0.7952378023608007 -0.6675276463243925 9.697687983723466
1617105161317538499 -0.20211492920843555 0.5516854980313582 9.117848868099209
1617105161384316205 0.5060917616387837 0.3048999717601273 11.619724879849933
1617105161450963020 -1.0608816335622748 -0.5603928058053296 9.652501909651225
1617105161483982801 -0.1492527844650604 0.0694376474063183 10.56351245400946
1617105161550996541 -0.8205183071734344 -0.5499336214607873 9.981489559289018
1617105161617701530 0.8223418343991132 -0.18827413842532503 10.165627963130156
1617105161651011228 1.5089504967229923 -0.056156642902416704 10.65260319376935
1617105161717663764 -0.4965033507473907 -0.5731065874399001 9.963659042872136
1617105161784305095 0.7592934400695966 -1.1718560616217477 9.489799248972401
1617105161850957870 -0.525118502241096 -0.8261189958261643 9.727752405593527
1617105161884259939 -0.23994855636224183 -0.9249548764350657 9.428421116822687
1617105161951017379 0.17681412423309306 -1.122981475160101 9.71020559047039
1617105161984383583 0.17678595491238716 -0.05014324583114784 9.27101776923726
1617105162084321498 0.4335887931373237 -0.5660774079518539 9.011235756075566
1617105162117699623 0.20101001955984857 -0.19338276221817588 8.613943375326818
1617105162184375762 0.7200430441056139 -0.375839091876206 8.84332766896407
1617105162250997066 -0.05969263785576104 -0.2976112979019101 8.125418258749482
1617105162284338712 0.5935633675671592 -0.06841929342976098 9.2378882383657
1617105162350666761 0.5272165131944291 -0.43019700715439757 9.406536805796852
1617105162417634010 0.6231316182026984 -0.9304272498313746 10.369099754905488
1617105162484311103 -0.609376454314896 -0.47796131057586044 10.316525799490927
1617105162517571926 1.7360229512544871 -0.8145273089995445 10.99043985633996
1617105162584332942 -0.7496673424072261 -0.9202417595196913 10.73933307620416
1617105162650914192 -0.5399384415526252 -0.8340632349391575 10.06021532639727
1617105162684334993 0.32165528817292993 -0.7630341365701881 8.28043918873637
1617105162751003742 0.3909988293149721 0.2628631515166114 8.18966089513267
1617105162817551374 0.5070014048874802 -0.09243524048784672 7.98765787382594
1617105162851134300 0.71315000412476 -0.615412300989757 9.307308485003839
1617105162917367696 0.6210460361892075 -0.5936016667472318 9.298718020734755
1617105162984374284 0.8147304355710244 -0.001998347264293432 9.071040542683637
1617105163050952196 0.9025352140370233 0.07139979954887944 9.399694861281914
1617105163084426641 0.3981023791263202 -0.6855090938237592 9.086439628397272
1617105163151254415 0.702917879997603 -0.6785740387576761 9.441790992755143
1617105163217625617 0.7466383762363222 -0.5025030234341881 9.224110662025323
1617105163251011133 0.0005855763129055617 -0.1737340242209091 9.087068363980716
1617105163317312717 -0.2277913123001106 -0.5629979925590651 9.828059063323407
1617105163384471178 1.077129253449718 0.2407350024797498 9.447452390084123
1617105163450986862 0.1996657093426341 -0.19484649564954606 9.343780124523441
1617105163484400272 1.3801331123342981 0.25689739701266956 9.69188010947177
1617105163584378957 1.1809160825266525 0.36104135637121565 10.301277148926316
1617105163684330224 0.030304005055777763 -0.26041337060654074 10.682912299965743
1617105163717847108 0.5691914302939225 0.4050486277315913 10.28665262484595
1617105163784349679 -0.1971350361990704 0.028771492606764246 10.322879739089702
1617105163984359502 0.8754401739492063 -0.012853421305356348 10.057415784125752
1617105164050951242 1.0079887579297873 0.8376581099908692 10.243009740466718
1617105164084344863 1.319686532571328 0.33534134168746754 9.742138686516258
1617105164150884628 0.20763898174563908 -0.7538522999490045 10.080446109983473
1617105164217473506 0.6634083382024226 0.6231357007794281 9.604253314603204
1617105164284344434 0.15862856823362334 -0.36239432630683927 10.164476862225802
1617105164317732572 1.5562086929200043 0.9301231223940964 9.966357539124425
1617105164384364128 1.6082081624265934 0.762220242476382 10.241384169725656
1617105164451183557 -0.06364545989949533 0.010657880890643665 10.066694017561806
1617105164517652034 0.16648711244894668 -0.2172512692506015 9.384230399274328
1617105164550952911 0.7540450114370185 0.8597341859045139 10.210424140071956
1617105164617563962 0.9297805375995873 0.8938798771234325 10.062464082513495
1617105164651134014 0.32987087081152383 0.8851038038437659 9.52022933721537
1617105164717544794 0.5686712805433106 1.1930749528544518 10.98709457526468
1617105164784341812 -0.25783288506948515 0.31596481601012627 10.081155352807057
1617105164851028680 0.24599906271133365 0.3443076784501814 10.254404908364988
1617105164917709827 0.5221798484893894 0.8467464951598418 10.23559900543238
1617105164950924634 -0.08256791259217555 0.7370340563467788 9.35679930338035
1617105165017709493 0.33787017390170837 0.19498694340549305 9.443380793853493
1617105165084251165 0.03813539978386586 0.5969621207826886 10.483808714466752
1617105165117655515 0.8431010954267205 0.594656475255307 9.68648010292545
1617105165184341907 0.23739972035500592 0.6584977400237505 10.472468760940423
1617105165251008510 0.15230654413514394 -0.022298585342372324 11.7068018802653
1617105165284343719 0.29074385822618715 0.6751263517650421 10.895263768601952
1617105165384380340 0.8655608783817689 0.35254859766444774 10.41394487575464
1617105165417673587 -0.4401835748728694 -0.17923675367878839 10.19890278084036
1617105165450968503 -0.6377264680926868 -0.05048689163712169 9.530087990410744
1617105165517732143 -1.2294095118975363 -0.41626764019950785 9.817271431570461
1617105165584363698 0.19545214723151194 -0.5182459762729725 9.766778415856262
1617105165650998115 -0.09981481337461809 -0.18628295193356492 9.79921577156442
1617105165684373617 -0.3315501462170494 0.1308504003505307 10.529890914406534
1617105165751044273 -0.5513838382110335 0.7049671683335524 11.179956855861361
1617105165817629814 -1.2213506900367153 0.986031393751259 10.165893942166427
1617105165851051330 0.9493092861255401 -0.664618177056497 11.14335843902093
1617105165917496681 -0.6042002822254869 -0.013599476940650779 10.629706491837913
1617105165984375000 -0.44951057653794335 0.7358208098592565 10.39783688186595
1617105166017660856 -1.0268138028699267 -1.198716703267174 10.583527587790837
1617105166084433078 -0.26700632080974335 0.2921332577922554 10.830748633742813
1617105166150962829 -0.32077122479373565 0.021441984868430235 10.699179431475336
1617105166217703580 0.003470692254497563 -0.0686829380484728 10.367942666580952
1617105166284284114 0.49855245322195224 0.8944674525720185 10.280758376344625
1617105166317658901 0.18652736111667503 -0.40656206393186584 9.468507255454446
1617105166384566068 0.2682977905090183 -0.22902456117308875 10.609650513761293
1617105166450977802 -0.44452168574538653 -0.2536003933493938 10.704975850108811
1617105166484579563 0.386999881445799 0.18702421492849217 11.218705934391089
1617105166584375381 1.1428719868492336 0.6578563064945173 11.431345628225202
1617105166617680311 -0.6418619339297057 -0.0616840126907533 9.579982557648627
1617105166650996446 0.08953870470752145 -0.025175157339283515 10.883654738318915
1617105166717767000 0.1372265294760538 0.10341478993928929 9.489818548610499
1617105166784354448 0.16005692328074878 0.30204813908164774 8.025216828376614
1617105166850984334 0.07328082196723465 0.07098246638555701 8.393329405246144
1617105166884312391 0.24739369142891054 -0.13406217848685428 8.733184436911248
1617105166950974702 0.11334399059274311 -0.01796458752510658 8.248041266170336
1617105167017652273 0.0077393753500458184 -0.2764498949945932 8.000063912781798
1617105167084537029 0.8483775368917144 0.020040516835803338 7.163218474585906
1617105167150915384 -0.14566729648940163 -0.19335508305338656 8.772977837153958
1617105167184346914 0.21976446302322067 -0.2503013654951368 8.983753306754952
1617105167251015186 0.21956465762507027 -0.253138442156893 8.486223596337803
1617105167317711114 -0.08867922546072331 -0.20741095485435232 8.549576039173388
1617105167350979804 0.8845949358750473 -0.10346225564984099 9.98291952702368
1617105167417568683 0.6544691754846899 -0.45924770457129954 10.434702432946057
1617105167450940608 1.0442569424092554 -0.5121038098002788 10.548788991130802
1617105167517691850 1.152300030011411 -0.3433020786646577 9.914662705452617
1617105167584264039 -0.1966555149938891 -0.9793626097874174 10.084653985780776
1617105167617618083 1.0886303219393547 -0.27226957769732835 9.674218186948785
1617105167684192180 -0.17792857507845736 -0.6903887525351387 9.868038321634593
1617105167750968933 0.8194928808495621 0.8182202062764995 9.54279760873465
1617105167784835338 -0.8220935137763703 -1.1555416780956127 10.402027914719351
1617105167884288549 -1.779804017767559 -0.5644650550966265 9.187415995446186
1617105167917719841 1.1231402838174434 0.008221158861303897 10.406411357024805
1617105167950903654 1.1556846186479945 -0.5532830661928397 10.4022574573595
1617105168017635822 0.21366121596711501 0.23010272752449643 9.453484053550746
1617105168084174633 -0.4843206435718281 -0.5496587691542953 9.6003225037971
1617105168184364318 0.5714540880857599 0.4021269061995829 9.348237916883475
1617105168217633962 -0.21525046328301106 -0.8670087764907768 9.465711100618979
1617105168250929832 -0.36075352365441093 -1.2329481382200063 9.726504115614432
1617105168351239204 0.15933649523599738 -0.23067954244319902 9.582042504756153
1617105168384339570 -0.5532789980607808 -0.8176354830364271 9.3449437420284
1617105168450922489 1.5280434194347259 -0.16137803802249134 9.618110424187067
1617105168484704732 -0.1394935594175038 0.5587075955379961 9.480064994876665
1617105168584286451 0.37689930146321005 -0.19275368641360938 10.109863937422558
1617105168618079185 -1.2874139906931827 -0.30370065901989485 9.242903982727183
1617105168684328079 0.1478514391310819 0.022553202920038144 8.709088462518105
1617105168717733144 1.164241669135799 -0.3003506865384111 9.921207890303029
1617105168784496545 -0.3789427708822774 0.15077644718511293 7.990306183399132
1617105168851056098 0.33464587008113567 -0.3524986095605788 8.520950664523882
1617105168917592763 1.020113671064268 0.24577862546949633 8.345495016348101
1617105168984293222 0.29754945870465305 0.4440689802293616 8.459355152847362
1617105169017749071 0.9587058715959014 -0.36262529150763595 8.818803368230883
1617105169117645740 0.9858057154908206 -0.04269863752046537 8.9998191679711
1617105169151252031 0.5867387829735611 0.14615025854129396 8.777456950202248
1617105169217578411 0.541259585062458 -0.00018735796790737141 9.116980565018098
1617105169250788927 0.8404271057146683 0.13145589866000457 8.771501361111236
1617105169317287921 0.750575579947922 0.2927188113688905 9.306497075441126
1617105169350986957 0.5007271836842874 -0.2863196462288393 8.893254462435326
1617105169450912237 0.5809982147518798 0.1375373995242292 8.768797163493483
1617105169484609365 0.36858838599302246 0.18024086773333892 8.816920892871634
1617105169551114082 0.6898007565712108 0.5122408132814238 9.084105103490316
1617105169584214448 0.22347713745420655 0.061830449642282376 8.740558008952283
1617105169684370756 0.007572758005947039 -0.23021246359915729 9.646848792746102
1617105169717597723 0.5040597722688784 -0.06830432601127458 9.560713708786263
1617105169750944852 -0.3741718313463113 0.14304139980708871 9.94824879950462
1617105169817592382 -0.005777871167976444 0.23681148224344695 10.025759241249421
1617105169884226560 0.8756355765560879 -0.01389420030457953 10.792969828472755
1617105169917639493 0.25601036982718645 0.8973404150860267 9.73436038616841
1617105170017628908 1.6778156969032043 0.3872068706417549 10.71902803381369
1617105170050934076 1.372022290124149 -0.4137797142732108 10.362698679519738
1617105170084254503 0.5532790209685716 -0.6581820526495893 10.135689977427798
1617105170150981664 1.021051701538984 1.2274277047433204 10.476973743885358
1617105170217668294 0.1931418299687231 1.2459450488991233 10.478148417506834
1617105170284191131 0.057328443852128284 0.4320409607365616 10.936154126032317
1617105170317553758 1.3024196067620009 -0.48846089861810643 10.26282150077588
1617105170384375810 1.5912031260516022 0.7270356602672075 10.237486950076056
1617105170450870513 -0.43124808551184945 1.640707800607897 10.52473797934351
1617105170517628908 0.6083440526655016 0.5855750249314569 9.652858378080703
1617105170551008224 1.7352436321577491 1.0567169970829353 11.155393122676834
1617105170617662668 -0.33035615456282974 1.6445682735478957 11.25870828842306
1617105170684333324 0.7899666743499367 1.1214365554238406 11.09076353832977
1617105170750929832 1.0914570744795657 -0.3741981111981163 9.90927644809997
1617105170784369945 -0.1922899749848085 0.8807317677682203 10.715822699812001
1617105170850975990 0.44831502121078104 1.5193348855868845 10.494542257209492
1617105170884354352 -1.0502039836020232 0.3361168054644874 10.151499162919842
1617105170984212875 -0.8473583065831126 -0.24442537216386834 9.785361114160443
1617105171017552852 -0.17228297459028566 0.9058946234062674 10.834622209563562
1617105171051006793 -0.44424383536546536 -0.10295185000314064 10.303686158888002
1617105171117537021 -0.48902022851155635 -0.45966654429805454 10.158323811574615
1617105171150947570 0.8046967671336713 0.8548278829750555 9.960458356369802
1617105171217682361 0.4320505275064557 1.1484118689301135 10.611068992474992
1617105171284332036 -0.45328106641547433 -0.4884487569724803 10.307701214974479
1617105171350919485 0.6857249327115431 0.6126389757825025 10.952436334749043
1617105171384333133 -0.6397812307760545 0.6523278864723923 10.957336178685955
1617105171484277009 -0.1132724848530592 -0.024044974418411164 10.091640076534842
1617105171517628669 -1.1291449848628792 0.16846407874262836 10.03689868742129
1617105171617640972 -0.7683389975220425 -0.6901235140579572 11.000727892727827
1617105171650893449 -1.2713477085479654 -0.5005473315290085 9.636199768722456
1617105171684651374 -0.6229090404718853 0.17507541946636396 10.15897841156438
1617105171784114837 -0.4514748828489638 -0.524081403859374 9.546810044376416
1617105171817710161 -0.11043969523594749 0.14388213241861153 11.86356568152203
1617105171850938320 -1.9036311511743957 -0.030272368673911705 9.539703154685139
1617105171950969934 -0.5443346875655818 0.49230056380699067 10.31110998168804
1617105171984330892 -0.40228244853690415 0.5536470684446818 10.30641030141953
1617105172050962448 -0.2398383936574351 0.3944212890892032 9.330373789717603
1617105172084305524 -0.041433852165716815 0.386774454089841 7.8021215433315865
1617105172150893211 -0.1347588888894487 0.04506321170956554 8.243004400888529
1617105172184123992 -0.6295155945822846 -0.5340955436364708 8.586862721267309
1617105172284147977 -0.31621553712469036 -0.25123920933646093 7.920638998649082
1617105172317893981 0.034301723143633965 -0.157804986031852 8.62195876985498
1617105172384158134 0.18464665661787988 -0.08001466828692741 8.663540464462917
1617105173517523288 0.27834297372245526 0.11996462859807441 9.814782525196406
1617105173617718219 1.1129164849928928 -0.5704155781767111 10.79006174012655
1617105173650986909 1.375733468522181 -0.018713446816911547 9.683673298790854
1617105173684307336 0.8170820212569172 -0.34294913252276776 10.123719471878072
1617105173751115798 -0.5303620043813175 -0.7673273017493693 9.717966342583312
1617105173817727088 1.654395956265858 -0.12260132758723781 10.215048262007503
1617105173884621381 1.0732676010801865 0.2361086360584545 10.07751748514126
1617105173950911760 1.3422516764686636 -0.8790703822553197 10.297479859684797
1617105173984363794 1.3803996558376304 0.0063895297100830944 10.690600682955319
1617105174084505558 -0.8548411299775436 -0.8497208520512964 9.855683385749346
1617105174184240579 0.8645850445716656 -0.45292595344989656 10.401109697021694
1617105174217666149 0.19888283652371588 0.003654131782207637 9.277618391438445
1617105174284294366 1.3353937230575663 0.30395453513420506 9.760107485360262
1617105174317380666 0.3597530783066789 -1.1861542289996978 10.385028442973164
1617105174417650699 1.0371789170856978 -0.2184531466692838 10.345918101898794
1617105174450911045 1.6326724622794726 -0.5776349305398685 10.410115729395491
1617105174517561197 1.5627955373006073 0.3763611525878276 9.433922215650835
1617105174583894014 -0.42072436570856575 -0.031884408254688 9.624358513032071
1617105174617360591 1.6814236220519676 -0.4004051473750986 10.483508292192234
1617105174650972366 1.486801278610397 0.37879197438332474 10.460487682486104
1617105174751000404 0.9195219295253537 -0.26119944216230334 9.18095762007087
1617105174784363746 -0.15325699263426176 -0.3487425282905464 9.239029723014674
1617105174850937366 -0.008767193819281954 -0.5570505003439263 9.043882598183684
1617105174884314060 0.4892375806097393 0.10099757801638491 9.077028823533464
1617105174950993776 1.04118600604934 0.1841755401532425 9.358500150742747
1617105175050917625 0.373570288105356 -0.31434233490232366 9.158262561803
1617105175117609977 1.0326592665576912 0.05998451807439689 9.374628773668624
1617105175217720270 0.6358409409132368 0.0685419634974882 8.771985978574216
1617105175284498453 0.3158426900171363 0.21974237955714554 8.947189569571655
1617105175350828647 0.5810509767624896 0.35235116261418964 8.881547382740145
1617105175417711019 0.4943972308519589 -0.29424733652150126 9.557213455548533
1617105175484350204 0.5878530292203237 -0.2251809951924543 9.487394745170175
1617105175517681121 0.8169595901950402 0.1185816457637753 9.014295144932444
1617105175584323167 0.31672112802710445 -0.08947818014022 9.618787441698844
1617105175651012659 1.3995745949520195 0.33224536993669174 9.834927471035073
1617105175685041904 -0.25198110938072205 -0.19681701064109683 9.660106658935547
1617105175750897407 -0.46939628392299326 -0.34728875148174765 9.37588684025423
1617105175817888021 0.562076170752659 0.29427268994106437 9.152399827407175
1617105175884261369 0.061600989220206376 -0.07425887166195819 9.125661817234647
1617105175917584419 0.33967985598018624 -0.016129428492733168 9.432094909447562
1617105175984295368 0.3338272672666669 -0.15176785970695858 9.606816184410114
1617105176050860643 -0.17431877276035063 0.021623172380330794 9.265700233308085
1617105176084538459 0.6148048071521407 0.2433172781296747 9.274538352192677
1617105176184271097 1.3014128331885775 0.349724829695691 10.736174475594138
1617105176217772245 -0.22198143994011074 0.4638762686310602 9.795716305808334
1617105176251142501 0.6419253306319009 0.31627562457331865 11.129848834926882
1617105176350931167 -0.3789953339150912 -0.6697523154024662 10.368878260025522
1617105176384304285 0.05688251658010463 0.6493160880995167 10.361079503211808
1617105176417691469 0.17266229567568853 -0.7308586240839752 9.410850224305946
1617105176484242677 0.6188909366138767 0.39549364172776086 10.435237143237641
1617105176550602912 0.7009027075251582 -0.42175834635015264 9.935539076121524
1617105176617918014 0.7269711109698865 0.13953196172130725 9.67872950310638
1617105176684343576 -0.3933229982578724 0.18393838864135295 10.373558727315523
1617105176717851638 0.07084766669110557 -0.34350615172190807 9.779013445697931
1617105176783982515 0.551530240527874 0.5321963162713785 10.079835315550763
1617105176850957870 0.42061812930480746 0.8770809185901407 10.317203719139428
1617105176884460210 0.7924930283624244 -0.21016377428689192 10.210432985325918
1617105176950950860 0.5878403291639344 0.042126337072370554 9.94547907064087
1617105177017427206 0.2680487968777066 0.3353603062567666 8.586334752975091
1617105177084456682 0.4086740165235472 -0.6744000217651843 8.2156448985264
1617105177117678403 -0.04587766292854138 -0.08581855919041034 8.504254305054598
1617105177184776306 0.13521826983637433 0.10404851502545352 8.61723342320842
1617105177251007556 0.14864402661379733 -0.11268991486370472 9.159801898879808
1617105177284364461 0.7605960275765077 0.5077893173948468 10.023052333002148
1617105177384301424 -0.10422312825430383 -0.2624482186692602 10.079795177458935
1617105177417872428 0.14839170639091895 0.4094357629804944 9.900576453604597
1617105177484343528 -0.35172264112363283 0.0913986530248934 9.479826931061947
1617105177517771482 0.2684919927997658 0.5787985489869436 9.784270800939892
1617105177584928750 0.013935090754204415 -0.02188281665984875 9.882808386100972
1617105177651056051 0.08099573727005717 -0.21505387871311257 10.031158182780587
1617105177684347629 0.35319509365619634 0.2044776716223452 9.539260288637177
1617105177784327983 -0.27653196497989624 -0.06589171339339472 8.802940855831562
1617105177817929267 -0.31702023945488467 0.31231269174147663 9.343042079369743
1617105177884002923 0.528649481527305 0.2824368373476841 9.352487493946695
1617105177917706489 0.46580878132161946 0.12447086924442295 9.186267210406927
