1617706989924851894 3.757999897
1617706989991414070 3.72799992561
1617706990057950019 3.69099998474
1617706990091643095 3.7009999752
1617706990158448934 3.58999991417
1617706990258271932 3.59899997711
1617706990324939966 3.49699997902
1617706990391406059 3.46199989319
1617706990425230026 3.45300006866
1617706990525162935 3.42300009727
1617706990558454036 3.31900000572
1617706990624952077 3.29399991035
1617706990658385992 3.29399991035
1617706990725236892 3.19000005722
1617706990791397094 3.09200000763
1617706990824836969 3.14100003242
1617706990891465902 3.00500011444
1617706990924814939 3.03500008583
1617706991024986982 2.90599989891
1617706991058495998 2.90599989891
1617706991124865055 2.82999992371
1617706991158040046 2.82500004768
1617706991258229970 2.757999897
1617706991291685104 2.73099994659
1617706991358248949 2.67499995232
1617706991391748905 2.61599993706
1617706991457911968 2.6779999733
1617706991491319894 2.58999991417
1617706991558423042 2.58100008965
1617706991624912023 2.51399993896
1617706991691591024 2.53299999237
1617706991758244991 2.50999999046
1617706991791362047 2.54600000381
1617706992191600084 2.52300000191
1617706992324892044 2.49099993706
1617706992425106048 2.5759999752
1617706992891905069 2.61599993706
1617706992992048025 2.59500002861
1617706993024916887 2.62199997902
1617706993058337926 2.62199997902
1617706993124829053 2.69400000572
1617706993191277027 2.63400006294
1617706993258239984 2.65700006485
1617706993292049884 2.68499994278
1617706993358299970 2.66599988937
1617706993424841880 2.62700009346
1617706993457882881 2.62700009346
1617706993525027990 2.53299999237
1617706993591521024 2.90599989891
1617706993625093936 3.15000009537
1617706993691699028 3.14800000191
1617706993791338920 3.13199996948
1617706993858145952 3.125
1617706993958528041 3.03699994087
1617706993991391897 2.97499990463
1617706994024837970 3.04600000381
1617706994091387033 2.98799991608
1617706994124888896 2.56999993324
1617706994224864959 2.54399991035
1617706994258317947 2.54399991035
1617706994291618108 2.13499999046
1617706994358103036 2.54600000381
1617706994458214998 2.49399995804
1617706994491906881 2.17100000381
1617706994524724960 2.15100002289
1617706994591253995 2.13899993896
1617706994691948890 2.14800000191
1617706994725038051 2.15499997139
1617706994791965961 2.04699993134
1617706994824893951 2.02600002289
1617706994891648054 2.0150001049
1617706994958329916 2.01300001144
1617706994991373062 2.13899993896
1617706995058340072 1.96700000763
1617706995124778985 1.95700001717
1617706995158302068 1.96700000763
1617706995224725008 1.87699997425
1617706995291273117 1.93700003624
1617706995358160972 1.92499995232
1617706995424806118 1.87699997425
1617706995458206892 1.87699997425
1617706995525162935 1.86500000954
1617706995591675996 1.82799994946
1617706995624995946 1.82799994946
1617706995724934101 1.84200000763
1617706997424813032 2.17100000381
1617706997491329908 2.17600011826
1617706998924928903 2.27300000191
1617706998958498001 2.28399991989
1617706999024980068 2.31399989128
1617706999124779939 2.23799991608
1617706999291698932 2.2009999752
1617706999358153104 2.21499991417
1617706999391566038 2.18499994278
1617706999525158882 2.3069999218
1617706999592098951 2.2539999485
1617706999624809026 2.28200006485
1617706999724905967 2.23300004005
1617706999791491985 2.26600003242
1617706999858361005 2.1779999733
1617707000058135986 2.24699997902
1617707000091587066 2.24000000954
1617707000325002908 2.15799999237
1617707000358213901 2.2539999485
1617707005625036001 2.36899995804
1617707005724884033 2.382999897
1617707005858308076 2.48200011253
1617707005924807071 2.64299988747
1617707005991851091 2.6819999218
1617707006058650016 2.66599988937
1617707006124938011 2.72399997711
1617707006158663988 2.71700000763
1617707006224775075 2.86400008202
1617707006258061885 2.86400008202
1617707006357990026 2.93799996376
1617707006391697883 2.92199993134
1617707006458152055 2.90599989891
1617707006491491079 2.95799994469
1617707006591435909 3.05500006676
1617707006624809980 3.02300000191
1617707006658154964 3.02300000191
1617707006724977016 3.04800009727
1617707006791706085 3.11299991608
1617707006858428955 3.09899997711
1617707006924823045 3.125
1617707006958007097 3.12700009346
1617707007024981975 3.22000002861
1617707007058377981 3.22000002861
1617707007158257007 3.30500006676
1617707007191457986 3.21000003815
1617707007224637031 3.29800009727
1617707007325025081 3.35400009155
1617707007358474969 3.42100000381
1617707007392317056 3.52699995041
1617707007458081960 3.60400009155
1617707007558155059 3.59899997711
1617707007591516017 3.62700009346
1617707007624752044 3.59699988365
1617707007691368103 4.05499982834
1617707007758264064 3.64100003242
1617707007791423082 4.07299995422
1617707007857928037 4.14900016785
1617707007924742937 3.84599995613
1617707007958247900 3.92000007629
1617707008025022029 3.94600009918
1617707008124922037 4.09399986267
1617707008158232927 4.09800004959
1617707008191545963 4.17500019073
1617707008291508913 4.22599983215
1617707008325264930 4.28999996185
1617707008392275094 4.44299983978
1617707008424870967 4.38500022888
1617707008491600036 4.44299983978
1617707008524983882 4.41800022125
1617707008625092029 4.48000001907
1617707008658415079 4.48000001907
1617707008691660881 4.47300004959
1617707008791706085 4.49900007248
1617707008825068950 4.45499992371
1617707008891489028 4.50600004196
1617707008924771070 4.43400001526
1617707008991709947 4.37799978256
1617707009058301925 4.35500001907
1617707009091974973 4.38800001144
1617707009158548116 4.29500007629
1617707009224826097 4.28100013733
1617707009258740901 4.28100013733
1617707009358149051 4.19999980927
1617707009458209991 4.13100004196
1617707009491513967 4.04500007629
1617707009558193922 3.992000103
1617707009624790906 3.87599992752
1617707009658138990 3.87599992752
1617707009758196115 3.80900001526
1617707009791510105 3.6779999733
1617707009824654102 3.63100004196
1617707009924894094 3.53900003433
1617707009958390951 3.54099988937
1617707010024879932 3.38599991798
1617707010058170080 3.38599991798
1617707010125102996 3.35100007057
1617707010224730968 3.18499994278
1617707010324982881 3.09200000763
1617707010358283042 3.08800005913
1617707010391751050 3.03500008583
1617707010491892099 3.01600003242
1617707010524796009 3.02099990845
1617707010591614007 2.97000002861
1617707010624516963 2.89400005341
1617707010724905014 2.78099989891
1617707010758305072 2.7650001049
1617707010824925899 2.69600009918
1617707010891547918 2.63599991798
1617707010924979925 2.68499994278
1617707010991611957 2.72799992561
1617707011024729967 2.67499995232
1617707011124933004 2.7349998951
1617707011158272027 2.78800010681
1617707011224734067 2.93799996376
1617707011258322000 2.93799996376
1617707011324783086 3.04399991035
1617707011391625881 2.36199998856
1617707011458487033 2.50300002098
1617707011491410017 2.55100011826
1617707011591660976 2.65000009537
1617707011624839067 2.66199994087
1617707011658324956 2.66199994087
1617707011724917888 2.77200007439
1617707011791555881 2.86400008202
1617707011858855962 2.88499999046
1617707011924875020 3.00500011444
1617707011958271026 2.99499988556
1617707011991549968 3.06200003624
1617707012058274984 3.10400009155
1617707012125127077 3.19000005722
1617707012191567897 3.28699994087
1617707012224891901 3.36100006104
1617707012458244085 3.62700009346
1617707012525079965 3.6779999733
1617707012591984033 3.81900000572
1617707012624872922 3.8789999485
1617707012658375024 3.8789999485
1617707012758173942 4.02199983597
1617707012791435003 4.09200000763
1617707012824661016 4.12400007248
1617707012891527891 4.22100019455
1617707012958323955 4.26700019836
1617707013024534940 4.42700004578
1617707013058502912 4.42700004578
1617707013158211946 4.53100013733
1617707013191529035 4.59999990463
1617707013224699020 4.6139998436
1617707013291990041 4.65399980545
1617707013391468048 4.82700014114
1617707013424748897 4.83199977875
1617707013458034038 4.83199977875
1617707013524936914 5.01900005341
1617707013624661922 5.132999897
1617707013658081054 5.132999897
1617707013691374063 5.15299987793
1617707013758321046 5.257999897
1617707013824882984 5.28800010681
1617707013891789913 5.26300001144
1617707013924978971 5.21000003815
1617707013991640090 5.23299980164
1617707014058161020 5.242000103
1617707014124784946 5.26499986649
1617707014158201932 5.23299980164
1617707014224813938 5.18699979782
1617707014258142948 5.18699979782
1617707014324891090 5.11000013351
1617707014391546964 5.05499982834
1617707014424843072 5.01399993896
1617707014491349935 5.00500011444
1617707014558351039 4.90100002289
1617707014624876022 4.81799983978
1617707014658162117 4.81799983978
1617707014724965095 4.77400016785
1617707014791805982 4.59800004959
1617707014824558019 4.60300016403
1617707014925071001 4.54500007629
1617707014958259105 4.51200008392
1617707015058278083 4.48199987411
1617707015158190965 4.30900001526
1617707015191732883 4.30200004578
1617707015258496046 4.24900007248
1617707015324917078 4.18400001526
1617707015358239889 4.16099977493
1617707015424767971 4.07100009918
1617707015491660118 4.05700016022
1617707015524801969 4.01800012589
1617707015624866008 3.92700004578
1617707015658196926 3.92700004578
1617707015724849939 3.81599998474
1617707015758291006 3.79800009727
1617707015792090892 3.74499988556
1617707015891480922 3.71900010109
1617707015924865007 3.70499992371
1617707015991578102 3.64100003242
1617707016024718046 3.60400009155
1617707016091475963 3.57999992371
1617707016158081054 3.51999998093
1617707016191431045 3.50200009346
1617707016291666030 3.47399997711
1617707016324958086 3.47399997711
1617707016391638994 3.39299988747
1617707016458311080 3.43000006676
1617707016491514921 3.375
1617707016558378934 3.27999997139
1617707016624829053 3.33800005913
1617707016691596984 3.3029999733
1617707016724747896 3.34699988365
1617707016791662931 3.38400006294
1617707016858412981 3.41199994087
1617707016925056934 3.50600004196
1617707016958272933 3.46700000763
1617707017058300971 3.60599994659
1617707017091572046 3.69099998474
1617707017158309936 3.79299998283
1617707017192198038 3.89499998093
1617707017258299112 3.6779999733
1617707017324938058 3.45799994469
1617707017391643047 3.58500003815
1617707017424762010 3.94799995422
1617707017491287946 3.64700007439
1617707017558456897 3.72600007057
1617707017624743938 3.882999897
1617707017658241033 3.882999897
1617707017758096933 4.08500003815
1617707017858190059 4.23699998856
1617707017891716003 4.21899986267
1617707017958293914 4.31799983978
1617707018025026082 4.34600019455
1617707018091825008 4.42700004578
1617707018125209093 4.4359998703
1617707018192452907 4.51700019836
1617707018224895954 4.58199977875
1617707018291573047 4.59800004959
1617707018358444929 4.64900016785
1617707018391588926 4.77099990845
1617707018458241939 4.72100019455
1617707018491389036 4.76900005341
1617707018558295965 4.78800010681
1617707018658363103 4.84499979019
1617707018691984891 4.82499980927
1617707018724786996 4.85699987411
1617707018791805982 5.03900003433
1617707018858038902 5.05700016022
1617707018891549110 5.09399986267
1617707018958415031 5.47200012207
1617707019024672031 5.05499982834
1617707019091614007 5.90799999237
1617707019124727964 5.96199989319
1617707019191469907 5.66800022125
1617707019258263111 5.34700012207
1617707019325192928 5.45399999619
1617707019358264923 5.48799991608
1617707019424724102 5.5609998703
1617707019458146095 5.5609998703
1617707019524862051 5.5609998703
1617707019591612100 5.58400011063
1617707019658236980 5.57700014114
1617707019691545009 5.57899999619
1617707019758182048 5.48799991608
1617707019791100025 5.55399990082
1617707019858289957 5.48099994659
1617707019924926996 5.48400020599
1617707019991669893 5.39200019836
1617707020024792909 5.34000015259
1617707020091553926 5.35599994659
1617707020191445112 5.16499996185
1617707020258285045 5.15999984741
1617707020324975013 5.01000022888
1617707020391755104 4.96600008011
1617707020458250999 4.88899993896
1617707020491578102 4.85699987411
1617707020591379880 4.68800020218
1617707020658623933 4.67199993134
1617707020758045911 4.507999897
1617707020791493892 4.48500013351
1617707020824731111 4.48500013351
1617707021991635084 3.21300005913
1617707022058078050 3.23799991608
1617707022091528892 3.25
1617707022158035993 3.15000009537
1617707022224746942 3.18499994278
1617707022291452884 3.13199996948
1617707022324795007 3.18700003624
1617707022391567945 3.0529999733
1617707022491561889 3.13599991798
1617707022557754993 3.07899999619
1617707022657999038 3.10199999809
1617707022691795110 3.13599991798
1617707022724759101 3.08299994469
1617707022824590921 3.18300008774
1617707022858454942 3.21300005913
1617707022958343029 3.23099994659
1617707023058177947 3.33100008965
1617707023091607093 3.37700009346
1617707023124851942 3.36999988556
1617707023191420078 3.47600007057
1617707023258152961 3.53399991989
1617707023291378974 3.61500000954
1617707023358186960 3.81200003624
1617707023424686908 3.84400010109
1617707023491774082 3.91100001335
1617707023524785041 3.96000003815
1617707023592108011 4.02699995041
1617707023658240079 4.04799985886
1617707023691525936 4.08900022507
1617707023758256912 4.15899991989
1617707023824629068 4.27199983597
1617707023891428947 4.29500007629
1617707023924804925 4.33400011063
1617707023991704940 4.40399980545
1617707024058337926 4.44999980927
1617707024091770887 4.5609998703
1617707024158291101 4.60300016403
1617707024224636077 4.66699981689
1617707024258366107 4.66699981689
1617707024324603080 4.23699998856
1617707024391714096 4.26000022888
1617707024458364009 4.67899990082
1617707024491422891 4.27400016785
1617707024558145999 4.53599977493
1617707024624716997 4.6139998436
1617707024691761016 4.66300010681
1617707024725001096 4.67899990082
1617707024791954994 4.78800010681
1617707024858329057 4.76000022888
1617707024924958944 4.83900022507
1617707024958308935 4.89599990845
1617707025024770021 4.46899986267
1617707025058029890 4.54300022125
1617707025158075094 4.242000103
1617707025191426992 4.64900016785
1617707025258172035 4.64900016785
1617707025291835069 4.23299980164
1617707025358289957 4.26700019836
1617707025424437046 4.35099983215
1617707025492079019 4.25299978256
1617707025524864912 4.27699995041
1617707025591568946 4.30399990082
1617707025658375024 4.23299980164
1617707025691550016 4.29500007629
1617707025758284091 4.21600008011
1617707025824759006 4.24399995804
1617707025891746997 4.21199989319
1617707025924767017 4.19299983978
1617707026024777889 4.24399995804
1617707026058160066 4.19999980927
1617707026091814994 4.25299978256
1617707026191606998 4.12599992752
1617707026224936008 4.16599988937
1617707026291923046 4.13500022888
1617707026325020074 4.13500022888
1617707026391355037 3.99399995804
