1617105141483885288 -0.21077231580236147 0.1535637478918409 0.2933596149866482
1617105141517477750 -0.22937173207172856 0.15649190394297627 0.2945268062845482
1617105141584434747 -0.2763232690896036 0.16358552418118885 0.2972852994079806
1617105141684232950 -0.3509307333226296 0.1739457682213207 0.29971522325536976
1617105141784237623 -0.4335351812229904 0.18388794123778007 0.30393335142397776
1617105141817503452 -0.45955960661372725 0.1866363556262821 0.3056887205810688
1617105141850829839 -0.4952221206382099 0.19029410290618326 0.3086972998145476
1617105141917544364 -0.5501952054914698 0.19479852190325242 0.3155829520267654
1617105141950857400 -0.5870982608317199 0.19693094610502435 0.321605525426317
1617105142050853729 -0.681975619547602 0.1996019754536175 0.33736581108434616
1617105142084220647 -0.710530440265855 0.19933119048738523 0.3421471338808022
1617105142150882959 -0.7772521272265909 0.1957121935826747 0.35526784564996794
1617105142184302806 -0.8055548352774631 0.19273264371698337 0.3615365272734374
1617105142250900268 -0.8697319061295048 0.1820026964781258 0.37694076557239065
1617105142317297458 -0.9226208041165445 0.1683281214366426 0.39006109447486303
1617105142350710630 -0.9560020363163004 0.15680935896975162 0.3981258375030241
1617105142417847871 -1.0033667784355127 0.13607635473164806 0.4086846053614557
1617105142484281063 -1.0537253521166337 0.10734184039184079 0.4172967102108497
1617105142517507076 -1.0734859865708342 0.09399088636263012 0.41953634288535724
1617105142584236383 -1.1161721858620421 0.0596311894901658 0.4247268224960836
1617105142684298515 -1.1674199241566516 0.005542611018033138 0.43497757129653775
1617105142783860921 -1.2106537567347055 -0.05025638999886255 0.44515975840465305
1617105142817634344 -1.2227635901618954 -0.06697424919819675 0.44621682116586897
1617105142884451866 -1.2498810117638608 -0.10556744391444502 0.442957911285735
1617105142951322317 -1.2750731811130382 -0.1435815444927685 0.43164685380466494
1617105142984264850 -1.285263753923536 -0.15958587326660462 0.4243963732075261
1617105143050909519 -1.3077294394505072 -0.19611310563949216 0.40062150101008537
1617105143117504596 -1.3257384307433753 -0.22563385638361236 0.3734314865413891
1617105143150877475 -1.3367125700218248 -0.24465995837680665 0.3551537297957562
1617105143218047142 -1.351309486853556 -0.27193974026530926 0.32854390831699143
1617105143284284830 -1.3654606176721307 -0.3009209321525421 0.29730653631170145
1617105143351065635 -1.3761750845237959 -0.3263556302462815 0.266851372633008
1617105143684259176 -1.375926744040737 -0.3837904167853018 0.18784048527008299
1617105143884145736 -1.3320312154212635 -0.34863489534904174 0.237736041553356
1617105143950838804 -1.3110674012277133 -0.3237038111448817 0.2717391509644987
1617105144417583465 -1.2032512511611242 -0.09414492525204826 0.526402968524498
1617105144484246730 -1.1993963614635113 -0.06124835933272681 0.5483283539412599
1617105144550882339 -1.199238587478783 -0.03230775466238094 0.5644128759052551
1617105144617512464 -1.202359963548527 -0.01137817164006336 0.5729764796239936
1617105144650890827 -1.2058362257689321 0.0005511708765908852 0.5758003676049939
1617105144750790834 -1.2197078998003565 0.022205691753823135 0.5731662345323685
1617105144784321069 -1.2249463539358372 0.02652676551590173 0.5695639757002933
1617105144850902318 -1.2395499501449951 0.03185722294991561 0.5596206352757516
1617105144884209871 -1.2464650155870154 0.031745815963676205 0.5563152613329433
1617105144950905561 -1.26478737822753 0.02679675408641297 0.5514542709408057
1617105145017606258 -1.2821863259324828 0.019192890706536587 0.546864326576552
1617105145050981044 -1.2943587452021688 0.012152157818074879 0.5453963146492772
1617105145117679119 -1.3135810316847465 -0.0008554417778568242 0.5465958418406915
1617105145217504262 -1.3470570893989753 -0.02650491598567452 0.55852227251221
1617105145284242153 -1.3708403817557564 -0.04571231117717293 0.5715018551149438
1617105145351047754 -1.3950312933359972 -0.06497131488480261 0.5834844658475241
1617105145417713165 -1.4160779754104484 -0.08116764242309586 0.5911777847462941
1617105145450880765 -1.4297585104769148 -0.09193208766080835 0.5957264290312169
1617105145484203100 -1.4402171036837519 -0.09989451400620188 0.5987974616740713
1617105145550884008 -1.4645034326091189 -0.1180310668162709 0.6035625585497787
1617105145617614030 -1.485462230338603 -0.13308482257323997 0.6060586862092954
1617105145684215068 -1.5102170826333958 -0.1499878884588645 0.6065520745679419
1617105145717520475 -1.5207450845747779 -0.1570277017778953 0.6060380603553889
1617105145784182786 -1.5453000490187534 -0.17313663847357025 0.6035110681173192
1617105145850886106 -1.5701024843811249 -0.18838597497315032 0.598612737869984
1617105145917608976 -1.5915100258373083 -0.20087062330063277 0.5939741741784264
1617105145950865268 -1.6057756821727838 -0.20894757302317066 0.5915554830867513
1617105146017549991 -1.6273623345987307 -0.22049512381314368 0.5899903856904453
1617105146084536552 -1.6526162697119788 -0.233281685100593 0.5903713217383861
1617105146151025295 -1.6782266908683063 -0.24520132746822354 0.5936441643817052
1617105146184151887 -1.6893011224853796 -0.249999710703489 0.5957132842435001
1617105146250641107 -1.715234649188003 -0.2608112367047801 0.6028250318949044
1617105146350877761 -1.7528887362454775 -0.2751046037167667 0.6151114924751024
1617105146417621612 -1.775906998385951 -0.28310417034102503 0.6194732626233234
1617105146517544269 -1.8146148263725135 -0.2953997325783256 0.6163386587365075
1617105146584191560 -1.8421088470997056 -0.30337849017482965 0.6067472758115516
1617105146651036500 -1.8702185429735867 -0.3106845248949066 0.5914223399747566
1617105146717535734 -1.894375827017245 -0.3169308619030475 0.5749220646321868
1617105146750918626 -1.9102784168810922 -0.321414648761613 0.5628026696449333
1617105146817451715 -1.9335382443391949 -0.32902850631270686 0.5426357044683235
1617105146884440422 -1.9598765617035414 -0.3389564471556074 0.5140474322911293
1617105146951173305 -1.9847010213266465 -0.3507278214738485 0.48120169682593683
1617105146984187841 -1.9946790019364138 -0.35650547603055754 0.466375640183554
1617105147084254026 -2.0234988330264696 -0.37986800344899896 0.416494629248758
1617105147184183597 -2.0448480431917067 -0.40852484523653465 0.3646304783750336
1617105147217625856 -2.0499092060528628 -0.4177701295113729 0.34866036804222117
1617105147284246683 -2.0587151791500404 -0.440745910659281 0.3131518740701243
1617105148950635671 -1.6360119016928951 -0.27015681605048036 0.2947117760534458
1617105149017374753 -1.6271970974116516 -0.25383382197114984 0.27561668776007886
1617105150417581796 -1.6003149723000891 -0.04996678496534393 0.09492551034805213
1617105150484266996 -1.6000827183612931 -0.04997275351774921 0.09495685669930291
1617105150550925731 -1.6002695410875687 -0.05006256966255259 0.0950097555581192
1617105150650940895 -1.60017641262189 -0.05004245621123516 0.09495161106080137
1617105150817543745 -1.600125409242685 -0.050015659018265164 0.09495734638225413
1617105150883940458 -1.600083997223257 -0.0500178336562793 0.09493762334823283
1617105150950901269 -1.6000813063059671 -0.05004767615699051 0.09497866657426729
1617105151050868749 -1.6001302123082526 -0.05006273084844249 0.09499726329151284
1617105151117677450 -1.6000959914455113 -0.05005481501827271 0.0950618473024161
1617105151184287548 -1.6000671323381286 -0.05006451199752033 0.09503558519740705
1617105151217554092 -1.600082220674467 -0.050080456746426534 0.09508357089173398
1617105151350874900 -1.6001612039954596 -0.05004734073280711 0.09500790621235156
1617105151384281635 -1.6000688895563464 -0.050079322127014075 0.09505558010747203
1617105151550744056 -1.6001868386957734 -0.05013096207483293 0.09515592909434444
1617105151650894165 -1.6000834039921952 -0.05020975786242101 0.09529744026793624
1617105151850818872 -1.5999394597755732 -0.05032880063484795 0.09548259389595357
1617105151884278774 -1.6001753896073574 -0.050298353193614795 0.09551072536504754
1617105157150856494 -1.3396261038651103 -0.27135049475461176 0.4221842924795986
1617105157217616319 -1.2960679602664473 -0.2705862310218947 0.45543064221968593
1617105157417565345 -1.144999766892852 -0.27431564693967536 0.5567282712045103
1617105157450891256 -1.1138097422943176 -0.2759720334134491 0.574149842952911
1617105157517838478 -1.0666614247072166 -0.2790905927933924 0.6006082939694279
1617105157584288597 -1.0119829673198864 -0.28280031936767697 0.6307610556493783
1617105157617611885 -0.9886590393451743 -0.28433034069915697 0.6433596191765134
1617105157684177875 -0.9353863204231668 -0.28755079717200166 0.6728714166324906
1617105157750962257 -0.8845711503783834 -0.2899521915204593 0.7015344899619915
1617105157817586898 -0.8427178484195219 -0.2914731803073354 0.7256166573242955
1617105157850841283 -0.8160491262971817 -0.2919523610113083 0.7408628961539381
1617105157950852394 -0.7521619016236486 -0.2923526553752121 0.777796756519693
1617105157984256982 -0.7332714473689881 -0.29232469864657157 0.7886122707819821
1617105158017619371 -0.7145132028404193 -0.292168607129495 0.7991621934692992
1617105158117541313 -0.6532768932025044 -0.29026187617916654 0.8307219875615325
1617105158151161670 -0.6283725908626124 -0.2888337379655045 0.84183225684584
1617105158217508554 -0.589919698932849 -0.2862148463604535 0.8583031614921934
1617105158250941514 -0.563738562187849 -0.28399702605259425 0.867748253779085
1617105158317579984 -0.5235755544542388 -0.27977378899534194 0.8774374155987866
1617105158384191751 -0.4751167855976465 -0.2736279665597852 0.881174327274545
1617105158450932025 -0.42549207066202743 -0.2658105409987205 0.8756586296206935
1617105158484315872 -0.4036273437200565 -0.2619147624797813 0.8704425158499904
1617105158550920009 -0.3523241012161606 -0.25138524097738213 0.8519986999512014
1617105158617725133 -0.30804949175184104 -0.24079180451133458 0.8293846048148711
1617105158684193372 -0.25574647726383465 -0.2264954900930746 0.7971456982533132
1617105158717807769 -0.23344318172465794 -0.21961820763776616 0.7820956574436877
1617105158784228324 -0.1809774936803738 -0.20170005776708763 0.7470343984745892
1617105158817609786 -0.15853751313628778 -0.19317696622799985 0.7314528137208267
1617105158917717933 -0.08336796408261389 -0.16143237233115595 0.6784135639688954
1617105158950924873 -0.053118092406387436 -0.14709419342941468 0.6559505986541626
1617105158984203815 -0.030253255693302453 -0.13549271233403085 0.6378725180594601
1617105159050878286 0.02293349603566154 -0.10603203964495886 0.5968681348125142
1617105159117541551 0.06945574606167222 -0.07784769249504667 0.5654942170487661
1617105159184368610 0.12396215295771496 -0.04089368245239147 0.53250878970493
1617105159250878095 0.17909426573178716 0.0007843534598607898 0.5033384070314203
1617105159284253835 0.20263115054353512 0.02020721384305364 0.4913030890818269
1617105159350702285 0.25746587942336824 0.06920539542209825 0.4643933679719129
1617105159384092569 0.2809775814430362 0.0917137612065459 0.45367444138237994
1617105159450930356 0.33518234220976395 0.14814192081941946 0.43143005792907047
1617105159517474412 0.380502411053736 0.20045681535881743 0.41590005831715665
1617105159584233283 0.4316112964392868 0.2648269009804947 0.40317239343739647
1617105159617557287 0.4522266491455517 0.29353372261086097 0.3982879098240672
1617105159684278011 0.4971018940042065 0.3626400504990035 0.3866388465678602
1617105159750866889 0.5358408141842781 0.4336417572312704 0.3758987240975107
1617105159784262180 0.5500866474126284 0.464354027290895 0.37215654643428736
1617105159850943088 0.5769300588272153 0.5370670472453585 0.3639112311889779
1617105159917621135 0.5914292350015924 0.6002105649938871 0.35725105967312476
1617105159950915813 0.5966725848159474 0.6427405670404094 0.35295902183786265
1617105160050914287 0.5930504397368398 0.7503385638160514 0.3438357720073823
1617105160084212303 0.5868726744773355 0.7828450461000588 0.3422442225383735
1617105160117548942 0.578244204015027 0.8153737494652655 0.34090086064115144
1617105160184292078 0.5511108009229274 0.8916096711906526 0.3369488736105685
1617105160251081705 0.5129200287366632 0.9670034247374514 0.33489752089940217
1617105160284219741 0.4934812962244395 0.9988376270086677 0.33481550104362506
1617105160350942134 0.4426399036635501 1.0715749481634502 0.33584444685600173
1617105160417593002 0.39336052005005434 1.1300269361027486 0.34150909929123274
1617105160450847148 0.35826808178428815 1.1667537651557336 0.346792484025919
1617105160517585515 0.3031975340470044 1.218408533502413 0.3544344491795237
1617105160584141731 0.23610576345045572 1.271829642537877 0.3649625961912072
1617105160617608785 0.20653167120653235 1.292511386308155 0.369545601096233
1617105160717462062 0.10576583602394303 1.3497900994849927 0.3869095779145318
1617105160750705957 0.06443898877070478 1.367589883677066 0.39488592631340413
1617105160784171342 0.03337043759016603 1.3789874972638043 0.4009820566890478
1617105160850850105 -0.040552296025057055 1.3984384451856615 0.417531247374635
1617105160984198093 -0.1811348238198289 1.4090640719881884 0.45151997070660554
1617105161017612218 -0.21413974040865966 1.406818896160345 0.4596882979060942
1617105161117422580 -0.32577492160709054 1.3867090937697706 0.48790296353907786
1617105161150821685 -0.37106814299900465 1.373618831095824 0.4988859840708598
1617105161217497825 -0.43967215360683154 1.3484020443814073 0.5163910730432826
1617105161250899314 -0.48528197563169156 1.3281110378019394 0.5283824867093897
1617105161317437171 -0.5539823230509425 1.2927785054213632 0.5470694292261984
1617105161384219408 -0.6333259334418414 1.2439006190825797 0.5709706857676798
1617105161450860261 -0.7115714902822021 1.1872992135592344 0.5966829069898137
1617105161483948707 -0.7443558270990572 1.1606316818709908 0.608397094966439
1617105161550856113 -0.8193578225958182 1.0928017912771453 0.6369088510719051
1617105161617603540 -0.8813424676024528 1.0288228925636353 0.6616620142801781
1617105161650878429 -0.921225878367175 0.9829261483064821 0.6786246526570026
1617105161717567205 -0.9788599882901219 0.9098649268966362 0.7039028879067767
1617105161784212112 -1.0409618946648524 0.8191490223375286 0.7318061775578598
1617105161850856781 -1.0984095318171407 0.7245379787453045 0.7573032594223364
1617105161884157419 -1.1214167048186008 0.6826666885228756 0.7687836642883547
1617105161950917959 -1.1703621339714136 0.5828568490880998 0.7974488679188093
1617105161984286308 -1.1893777146769904 0.5397302584178579 0.8096850153078861
1617105162084218978 -1.2454689876500222 0.39668839438104003 0.8469620995287718
1617105162117604017 -1.2603488930072464 0.35428467699678123 0.8562213169265445
1617105162184281826 -1.292041813109645 0.25660058506026634 0.8736655597588465
1617105162250900268 -1.3193834638958148 0.16087167693245227 0.8853746706108516
1617105162284234046 -1.3299278642466759 0.12050449597054186 0.8887656640228037
1617105162350621461 -1.3511219543499675 0.027640472490107235 0.8922928193217975
1617105162417535305 -1.3650582588961955 -0.050456064660569726 0.8911661418977431
1617105162484214067 -1.3757355982475432 -0.1399924347592143 0.8893436997729455
1617105162517478942 -1.3778867663693464 -0.17798664312804646 0.8894998389511144
1617105162584236621 -1.3769901811236145 -0.26576609573438326 0.89258830800602
1617105162650814771 -1.3672796813561687 -0.3525613805320302 0.8985482718012662
1617105162684239387 -1.3605038454505416 -0.38943337079167445 0.9019711145854601
1617105162750907182 -1.339111606065744 -0.4741107450537627 0.9064496460880306
1617105162817455768 -1.3152186851285628 -0.545021351283565 0.9054601559857699
1617105162851039886 -1.2962839676556068 -0.591434605018657 0.9024598476402741
1617105162917344093 -1.264023773570366 -0.6589066488187201 0.8943383718353254
1617105162984277725 -1.2209864622583142 -0.7342058266373813 0.8808444938189598
1617105163050856351 -1.1720322201807696 -0.8046945319480722 0.8623617588812065
1617105163084331989 -1.1494879842690522 -0.8332706108153713 0.8535250026062726
1617105163151159286 -1.0935732117193144 -0.895613392872195 0.8301957308939157
1617105163217530965 -1.0418278331861004 -0.9440920763758995 0.8074107757951489
1617105163250916719 -1.0054969203580002 -0.973689200120155 0.790567636364676
1617105163317256450 -0.9484117887882995 -1.0140095616398794 0.7636274274875113
1617105163384272575 -0.8774031818510271 -1.054693227578796 0.731342792679453
1617105163450886249 -0.8022160318576208 -1.088388762072154 0.698251364783598
1617105163484304189 -0.7686588042018271 -1.1008263984507045 0.6841724587314952
1617105163584279298 -0.6518540968131808 -1.1334867293434712 0.6366670649891969
1617105163684231758 -0.5277457682559381 -1.1536388374429336 0.589427024247861
1617105163717753171 -0.4893567113055116 -1.157374685747624 0.5756544786530083
1617105163784253358 -0.39715132941818837 -1.1618609481965536 0.5459462461140967
1617105163984259605 -0.12007411433525006 -1.1441641896857793 0.48202102957737536
1617105164050853967 -0.01969641729137411 -1.1276209219321083 0.46500785250459215
1617105164084250688 0.02378019872648231 -1.1187260572128348 0.4584282423451658
1617105164150788307 0.12614432454803082 -1.0934809679484148 0.4436163706812717
1617105164217378139 0.21555469436514296 -1.066833680534086 0.4318259954136748
1617105164284247398 0.3204905904317812 -1.0293708677244602 0.4193099740671857
1617105164317586898 0.3656941433389921 -1.0113346199442974 0.4140184326452488
1617105164384268045 0.472117801392163 -0.9643955244215618 0.4020187584609046
1617105164451088905 0.5785863681807889 -0.9103016561283945 0.38696859994551197
1617105164517557621 0.6697549502734604 -0.858252600792157 0.3736541419539551
1617105164550860404 0.730487878103099 -0.8202507255734163 0.3647152195828222
1617105164617464542 0.8207399300979666 -0.757793008606617 0.3531908198748943
1617105164651041746 0.8798013243174088 -0.7128312282983339 0.34794826638551
1617105164717450141 0.9658491971989926 -0.6407088362291928 0.34149781830031173
1617105164784247398 1.0619177145747443 -0.55114291384472 0.3353129528908301
1617105164850935220 1.1499424550714004 -0.4582141367548542 0.33032139225188606
1617105164917612552 1.217625147271938 -0.37671497136764676 0.3232608548652946
1617105164950803518 1.2590482588769556 -0.3222444206414914 0.31781466095754135
1617105165017574310 1.3139047831585937 -0.2404698644014327 0.30913756607981274
1617105165084154367 1.3658814122022878 -0.14463718234354075 0.297545909990247
1617105165117561817 1.3840117741453468 -0.10348301075732504 0.2924993291138016
1617105165184247970 1.4157020060913192 -0.0076608565043105445 0.2818441529210542
1617105165250907421 1.4321149215249112 0.08824560284749529 0.27434764631304936
1617105165284248828 1.4343298464211325 0.12917246751124226 0.2721591971241067
1617105165384240865 1.4223497157826863 0.26283537213559505 0.2722039641522282
1617105165417581319 1.4130536235024378 0.3016486568612192 0.27452871672721946
1617105165450870752 1.3965931648594676 0.35238562983020016 0.2785273030030114
1617105165517590999 1.3645666518166288 0.4258450475027837 0.2847864522178222
1617105165584269285 1.3179433229565207 0.5071218833708353 0.2942296867491044
1617105165650901079 1.2612797967578404 0.5826699468448477 0.3070693296808144
1617105165684242725 1.2343556801675353 0.6130905278658968 0.313353655463799
1617105165750944614 1.1660747066309076 0.6795713177403685 0.33005568717341066
1617105165817535400 1.1015212176950142 0.7312375368581067 0.3459233364898807
1617105165850921154 1.0562992508682219 0.7630838177020526 0.356405931586705
1617105165917402267 0.986225101848969 0.8070889187859335 0.3729579948916721
1617105165984281778 0.901505686863851 0.8532469371152133 0.3947387637326579
1617105166017567157 0.8640922758475003 0.8716076797899813 0.4051537153054015
1617105166084302663 0.7771362227215787 0.9113207280999251 0.4314538191972855
1617105166150869607 0.6908039103297632 0.947558960320355 0.4619522678070737
1617105166217612028 0.6187478035429742 0.9764833851814702 0.4920582376406535
1617105166284190416 0.5377126370461428 1.0072246947626806 0.5339209707510857
1617105166317566633 0.5037284340264393 1.019724009425448 0.55306126735402
1617105166384472846 0.4260960442548597 1.047128062360828 0.5986521400513225
1617105166450836658 0.351344187601834 1.0701842527461827 0.6490191237161447
1617105166484486103 0.32002535222428835 1.0788428846984455 0.6712907188154646
1617105166584276199 0.21590863521267442 1.1019528807998598 0.7466675373558007
1617105166617586135 0.18496586988898442 1.1068759385144942 0.7701523267483
1617105166650861263 0.14317186432021475 1.1118213001378006 0.8021419730489775
1617105166717671632 0.08110680516776066 1.1157376296740977 0.8510552684450592
1617105166784260749 0.00979190774269056 1.1147514240919283 0.9059226977182713
1617105166850852012 -0.0607410678919395 1.1080993465985636 0.9551398025302551
1617105166884218692 -0.09034968273068461 1.1032846558848175 0.9743790306254414
1617105166950876712 -0.15750988364456175 1.0870725064543387 1.0148787005362383
1617105167017556905 -0.21313798067428544 1.067946970819985 1.0437586866215371
1617105167084437847 -0.2748539847252825 1.0387357706756704 1.070557042434763
1617105167150818586 -0.3333018422749012 1.0018440699737046 1.0906508169252742
1617105167184252262 -0.35716205135685203 0.9836587262742739 1.097183104841
1617105167250918388 -0.41018480688468106 0.9356609347277579 1.107990596229175
1617105167317573070 -0.4523314466130386 0.889060530290726 1.111643792759987
1617105167350884199 -0.4787773549568475 0.8551043947216085 1.111738687964318
1617105167417474508 -0.515685949273943 0.7995876536658916 1.111256567415474
1617105167450845718 -0.5386243836620197 0.759645639142083 1.1105569298148594
1617105167517549991 -0.569860306310405 0.6954840721501759 1.1097388411020068
1617105167584162473 -0.6020879114768198 0.614770191522177 1.1090116459902353
1617105167617522478 -0.6145918469344931 0.578586389246552 1.1083824052152567
1617105167684089422 -0.6407755837941805 0.4918017380823045 1.105250509471823
1617105167750872850 -0.6636415234243175 0.4025548753555434 1.1006274251496377
1617105167784742116 -0.6720748902015141 0.363376811248365 1.09984342716383
1617105167884189367 -0.6946795884870877 0.23132216043798137 1.1017653213010978
1617105167917602777 -0.6994295225291289 0.19177397744454527 1.1033074520506607
1617105167950809240 -0.7044976856155243 0.1393294052630308 1.1058409455201565
1617105168017539739 -0.7085473977103087 0.061904373664340526 1.1086668564749236
1617105168084050893 -0.70634145715749 -0.027124255792511768 1.114147100123196
1617105168184267044 -0.6887273817611328 -0.15002537795909082 1.1234398469886981
1617105168217541456 -0.6796689131901335 -0.1856690760924618 1.1266532498743
1617105168250837326 -0.6648372392775139 -0.2322261997209897 1.1309755689298548
1617105168351101636 -0.6134047723830768 -0.3426886819198904 1.141419485423822
1617105168384244203 -0.594002321204699 -0.3741518673740895 1.1448757766583548
1617105168450828075 -0.5414595402400744 -0.4437726026206881 1.1531010842548683
1617105168484608650 -0.5159997116304667 -0.471958194019203 1.1567899581500671
1617105168584191799 -0.4184568201004404 -0.5581793977712113 1.1694439204218863
1617105168617986917 -0.38589235266994587 -0.5814615943810861 1.173287611633936
1617105168684231281 -0.3031984346318484 -0.6312215125440063 1.1829178568214291
1617105168717634201 -0.26589882458050446 -0.6504168276245336 1.1875600072321328
1617105168784392356 -0.1752565466595194 -0.6905646774146714 1.19781799989353
1617105168850956916 -0.08186297446571658 -0.7252029026147039 1.2072087188519212
1617105168917496204 -0.00088711444283099 -0.751114501589037 1.2122984002273087
1617105168984198331 0.0926743009418519 -0.7774197413935175 1.212202790200172
1617105169017592430 0.1321803475990543 -0.7876088342133587 1.2107382657656318
1617105169117532968 0.25948898349185867 -0.8181194980900618 1.1982871864913112
1617105169151133775 0.30847123140414867 -0.8286742930040053 1.1896583560109693
1617105169217476844 0.3797976974048245 -0.8422310773541722 1.1722475435101738
1617105169250735282 0.4259097179914199 -0.8500817853063407 1.1593262322366729
1617105169317248582 0.49311817756432325 -0.8595874710704181 1.1370055424440424
1617105169350888729 0.5366487561475212 -0.8642517965897357 1.1215027422942125
1617105169450814962 0.641505039902793 -0.8687405656330303 1.077541889098441
1617105169484515190 0.6722648615400882 -0.8680358474085542 1.0627954556970134
1617105169550921440 0.7423277520818624 -0.8622222657481261 1.025062801711266
1617105169584045410 0.7718284804090586 -0.8579951439309653 1.0078381664516107
1617105169684161186 0.8685132872210057 -0.8358714730702049 0.9458329481586943
1617105169717505693 0.896996704076752 -0.8266482012797456 0.9265260906235573
1617105169750852823 0.9346408243414264 -0.8122765144226077 0.9004796239711088
1617105169817497968 0.9906191646849282 -0.7862924792925723 0.8621214380170359
1617105169884129524 1.055139726385922 -0.7491659247356134 0.8184736671808517
1617105169917508125 1.0824299984042787 -0.730880327002892 0.8002986310743578
1617105170017532825 1.1723798419676612 -0.6598468984724412 0.7411097553105231
1617105170050841331 1.2077029490516844 -0.6268329342393795 0.7189503367136405
1617105170084158658 1.2341725894416562 -0.6004499373817671 0.7033994538028345
1617105170150888919 1.2949904352090553 -0.5331569187039561 0.6696710334639978
1617105170217575073 1.3468101233083833 -0.46927999538339155 0.6440375452272381
1617105170284096479 1.4062719760244118 -0.3880882955780539 0.6184601435519526
1617105170317460060 1.4316201764311296 -0.3511663037206402 0.608996922361301
1617105170384278059 1.4900615288833918 -0.26035786657583276 0.5888922105104293
1617105170450774431 1.5471903883807485 -0.16365944133154817 0.5727444743580709
1617105170517534732 1.5937784166142543 -0.07665211980868177 0.5641944072855967
1617105170550916194 1.622645000064317 -0.017347869018286062 0.5614835900905795
1617105170617567300 1.6622183574427254 0.07397750878313576 0.5576050499419265
1617105170684239149 1.69934113338571 0.18283678924162958 0.5533865288276095
1617105170750821590 1.7260599413100979 0.29282544488510537 0.5503962744912148
1617105170784276008 1.7333350857146737 0.3404594008056199 0.549327050339658
1617105170850881814 1.7399708386227108 0.4521593692134026 0.5469480123030607
1617105170884257078 1.7383797565926706 0.500232033110842 0.5465520669274444
1617105170984117507 1.713569325306119 0.6602699161101785 0.5474660165470858
1617105171017460584 1.700958269104793 0.7080400513521801 0.5480076746361863
1617105171050911426 1.6800704469267915 0.7709564895852448 0.5498482509419823
1617105171117443561 1.6411993872698276 0.8636847863657818 0.5538240070144257
1617105171150856018 1.6110354478607476 0.9242312396165762 0.5566942417396856
1617105171217587471 1.5592049855231636 1.0118139035386455 0.5633531710981128
1617105171284240484 1.4907038930541021 1.1098591919004444 0.5716985998690602
1617105171350828886 1.414320179000707 1.2028847237178637 0.5813109375810693
1617105171384243726 1.378730871922777 1.2410924489890918 0.5862930678908778
1617105171484180688 1.2495555293528717 1.3596423103121777 0.610482800836509
1617105171517536401 1.2078231273357212 1.3928429796951995 0.6189311151937787
1617105171617525339 1.0605770087036333 1.495175628988568 0.6489482848792509
1617105171650805234 0.9978162199439434 1.5323901334879702 0.6626279626209017
1617105171684557199 0.9496044909627716 1.558628271012338 0.6735430649259935
1617105171783991336 0.7842870796784458 1.63588556820136 0.7136689225192974
1617105171817562341 0.7331649503121009 1.656568678147345 0.7256635263762276
1617105171850809335 0.6644276558007071 1.681950786374745 0.7421845283521965
1617105171950874090 0.4925156057972454 1.7332868433921573 0.7872538090082986
1617105171984242916 0.44153934213944773 1.7454013227512781 0.8014285164359303
1617105172050860404 0.32459612323726145 1.7678335435011163 0.833895009745127
1617105172084207773 0.2760849748700754 1.7749285457393138 0.8469311881787466
1617105172150795698 0.16621379152749327 1.7865708964315088 0.8723713587493556
1617105172184056043 0.12042282454677765 1.7898062481761172 0.8809154166018798
1617105172284022331 -0.023521592994120617 1.7918363194513534 0.9018287798363064
1617105172317804336 -0.06420752307236849 1.7901182608133734 0.9060707937835424
1617105172384030818 -0.15499369222978385 1.7825135052222874 0.9120328270312753
1617105173517476558 -0.9245007987504946 1.127315453132328 0.7319553930782718
1617105173617619991 -0.9254347559515325 1.028538672164855 0.7217022964234883
1617105173650893211 -0.922844432799596 0.9888515117960587 0.719019885399067
1617105173684215068 -0.9200929682187954 0.9590764539882607 0.7175985779258202
1617105173751022100 -0.9109429986451577 0.8902735137012023 0.7149997164938486
1617105173817637205 -0.9001822572906721 0.8317944245304285 0.714440909657202
1617105173884526014 -0.8849126378260503 0.7644832428680126 0.7153810616709373
1617105173950815439 -0.8666824584562666 0.6981302842069266 0.7183622934482347
1617105173984271287 -0.8579900008131157 0.6700356117962232 0.7200490337953076
1617105174084411382 -0.8236439154032588 0.5768392973803121 0.7283621577950178
1617105174184145212 -0.7803665725399345 0.48408456347987927 0.7400991469079872
1617105174217574357 -0.7654814869046096 0.45626620536122686 0.7439327556646644
1617105174284197330 -0.7258349652725602 0.39077142888805466 0.7539222646545195
1617105174317337274 -0.7069724002272149 0.36249717290485567 0.7584049708264919
1617105174417553663 -0.6350353781006783 0.26697973290224397 0.7742247424716028
1617105174450820684 -0.6032471808960641 0.22854264783256134 0.7808719767750227
1617105174517533302 -0.5525241307027658 0.17040605628774713 0.7911672426462276
1617105174583870649 -0.4915433244032893 0.10314423626321491 0.8037141552862523
1617105174617331266 -0.4646466101792248 0.07434952844621877 0.8094676470635087
1617105174650879144 -0.42894234495343114 0.036361642020555904 0.8178973488636853
1617105174750898122 -0.34091865475987465 -0.05531881494146331 0.8364296862315688
1617105174784270048 -0.31551214319902826 -0.08163067490920739 0.8406388678281536
1617105174850836038 -0.2579013431489869 -0.1407847429486797 0.8481362542346916
1617105174884218215 -0.23414981136981244 -0.1649498492627684 0.8504567187878012
1617105174950895786 -0.18100697385103126 -0.21832319848654075 0.854327713580657
1617105175050812959 -0.110311723418289 -0.2864851312890108 0.8549000676973
1617105175117515802 -0.07050721375367584 -0.3225258617419442 0.8516806451213483
1617105175217622756 -0.008565078564614439 -0.3742124624635141 0.8409999131625018
1617105175284341335 0.03176123686648668 -0.40375232725007987 0.829169610193939
1617105175350784778 0.0701354015669166 -0.4278521496411532 0.8143155721298805
1617105175417613983 0.10151698793598248 -0.4439991091384403 0.7997783815903614
1617105175484257221 0.13661862625867602 -0.4574758585335975 0.7801449750033739
1617105175517590522 0.15122587878578103 -0.4615174604915438 0.7710697625349416
1617105175584226369 0.18411508351182304 -0.46670669480946725 0.7485653261792398
1617105175650888681 0.21608002647758992 -0.46613709285862115 0.725602234185825
1617105175684922456 0.22933929509588397 -0.46406266690076003 0.7156366443188175
1617105175750762462 0.2598512569760786 -0.45514138177488167 0.6919444032750911
1617105175817796468 0.2851395617461889 -0.44301272912982825 0.6720544738348312
1617105175884171962 0.3141475866731344 -0.4236350689735521 0.6482159604685522
1617105175917496919 0.32631106821842715 -0.4136061362224468 0.6379713651723982
1617105175984204292 0.35441844249812715 -0.38633540931295174 0.6136917524726366
1617105176050761699 0.3818762265604519 -0.3537474705472307 0.5893276767915647
1617105176084442138 0.3934778942305735 -0.33829352537682156 0.5787959431362836
1617105176184171438 0.43110441578282693 -0.2808553532427461 0.5465713778067147
1617105176217674732 0.441788622656338 -0.2624425114506225 0.5389548183365104
1617105176250984907 0.4557551422229011 -0.23696333654046814 0.5289860630814855
1617105176350834131 0.48803195069989586 -0.17051763612494034 0.5045737572979144
1617105176384209632 0.49698227320702165 -0.15023828932465716 0.4976448853076749
1617105176417600154 0.5053544322505974 -0.12996570456845644 0.4910837967568574
1617105176484142780 0.5223078140845768 -0.0824693679620032 0.4759664147679794
1617105176550569772 0.5361575225285192 -0.03538809413610436 0.46283047534702426
1617105176617819309 0.5444246543574524 0.004940189240802214 0.4528389566731427
1617105176684248685 0.5500596171353859 0.05157809422923754 0.44297323657633525
1617105176717686176 0.5508906165278519 0.07152076259228644 0.439323293510148
1617105176783950090 0.5494767000717622 0.11803051484187568 0.4320816281675202
1617105176850757598 0.5434801389223559 0.1639689177145587 0.42739961320561404
1617105176884260892 0.539305911536151 0.1834431364590713 0.425975668924116
1617105176950850009 0.5265861643437844 0.22726869730061186 0.4253915215877759
1617105177017388343 0.511495948677262 0.2622046590625584 0.4274362354841678
1617105177084358453 0.490149418430788 0.2987748292465352 0.42626674808659065
1617105177117588281 0.47984090832775994 0.3132245369562731 0.4234298222955269
1617105177184620141 0.4536877724976184 0.34408080158437054 0.4091745634100221
1617105177250913381 0.42429219476241165 0.3700396187666387 0.38710280412476356
1617105177284270286 0.4106707727483489 0.3793071611037713 0.37612099635977014
1617105177384204387 0.36122277638294115 0.40347750020565515 0.3367585014468051
1617105177417775392 0.34554075960429825 0.4092966976721852 0.3240055582908714
1617105177484245777 0.3070887662854508 0.4194587733046659 0.2964044827365772
1617105177517672538 0.29035561656813297 0.42284449246999195 0.28555290509323905
1617105177584832429 0.24980685862186017 0.42941558993912843 0.2615119404036267
1617105177650962114 0.20874557725027246 0.43451820902609395 0.24056130973950918
1617105177684225320 0.19059560525959535 0.4365248869587961 0.23261592037892817
1617105177784229516 0.13038866242855804 0.442139820913943 0.20356656903772286
1617105177817829608 0.11197306591312597 0.44372985259848285 0.19371781061917148
1617105177883944272 0.06891780556027896 0.4471281558479616 0.16856058395616852
1617105177917593955 0.05018310869399052 0.4485487191332119 0.15750282677799043
