1617105229892744302 -0.2982836271938778 0.1725181568649982 0.29371723540015904
1617105229926237106 -0.3627011892088192 0.1790191635551206 0.3074578797773681
1617105230025920629 -0.3111936301890319 0.1854652496081065 0.31803146089696066
1617105230059578657 -0.29814055243265747 0.19845206354631093 0.34665928517781536
1617105230125853538 -0.4113325116395652 0.20939302865986495 0.37772312345920606
1617105230159494400 -0.41816821078587285 0.21456032568703748 0.38626142728887625
1617105230259330749 -0.4654514252245803 0.22955717900461642 0.4440835144348792
1617105230359327316 -0.523500067633047 0.23683516839928542 0.45668022883565695
1617105230393089771 -0.49570189407516896 0.24751707280609797 0.4862040555498258
1617105230459391117 -0.47809631440553924 0.25505253703739533 0.5140174540497402
1617105230492610454 -0.5155220838856889 0.2522069845861903 0.5419858037831929
1617105230559824466 -0.5268380829516772 0.2539927758962187 0.5538977987285308
1617105230659282207 -0.48328919103314627 0.24981211054623426 0.5744559852039048
1617105230692671775 -0.44956896814017844 0.24117527036341557 0.5889398914643086
1617105230725954294 -0.47675289874355764 0.2355602156439633 0.5962305023775363
1617105230792653322 -0.5258883732584985 0.21957721741356528 0.6045626933144118
1617105230859310626 -0.5628324564319995 0.21313666881937227 0.6041041512780995
1617105230892445325 -0.581531966857932 0.19501971428462966 0.599374310360953
1617105230993688106 -0.6064797883289024 0.18007504216718104 0.5984104047283266
1617105231026232004 -0.6061835491217789 0.1583183841508894 0.5885324574350675
1617105231093207597 -0.5830602281854986 0.130284610177877 0.5764114211730776
1617105231125947475 -0.6220619717717564 0.12003757669905779 0.5702503386222928
1617105231192866325 -0.6255306713854347 0.0837226847705073 0.5563806552096571
1617105231259365558 -0.6024258815025822 0.048397509027831964 0.544113881922474
1617105231293274879 -0.6702298894197756 0.025862123655184477 0.5319349885460928
1617105231392912626 -0.589184814784204 -0.01673596534124508 0.5215468654479896
1617105231425958156 -0.591583823739021 -0.05731930139609348 0.5026374697028786
1617105231459285497 -0.641765096647759 -0.07234074650591005 0.49529841207228714
1617105231559340715 -0.6066773753969925 -0.13238335311735283 0.4837028549646338
1617105231592727661 -0.6113995563110879 -0.1793340750817493 0.47380951048624037
1617105231692947149 -0.5738594347171087 -0.28325454834960107 0.4538814690121226
1617105231792648077 -0.46925817258308866 -0.30798965094166786 0.4574978162354961
1617105231825982809 -0.47531696761258635 -0.34927824134465285 0.46265908509700426
1617105231892648458 -0.39437376589762474 -0.4006017226778405 0.4582792501590916
1617105231925984621 -0.3965809280445636 -0.41390620854125265 0.45933786963178536
1617105231992720603 -0.3067114957921411 -0.4635090262433444 0.4612227708511101
1617105232059359788 -0.2294439503698169 -0.4915454237522396 0.4643386875551596
1617105232092661857 -0.2306055333346655 -0.4979387425954987 0.4698438921379381
1617105232192656040 -0.1220353911828056 -0.5212339117878675 0.4777702302931316
1617105232226006984 -0.03529626826489585 -0.5360480620379355 0.48258240773441546
1617105232259677171 0.09472717229193117 -0.5587556158078566 0.48659491386898523
1617105232359272480 0.19421091445538652 -0.5647454586897067 0.49682176259958405
1617105232392708778 0.28091249195230494 -0.5503328593032726 0.5136730408304234
1617105232459480762 0.3045076521507588 -0.5241875983813271 0.5239969428404605
1617105232525880098 0.4195560986783655 -0.520025535011903 0.5345229023308489
1617105232559379816 0.5180020040944222 -0.5041075279262095 0.5492174813314583
1617105232625958681 0.5311875579435648 -0.45967848358085145 0.5733444815839678
1617105232659423828 0.724058379261844 -0.4651781005826057 0.5861207476877417
1617105232725986957 0.6917873088553352 -0.42220092529689385 0.6114429687174073
1617105232826121568 0.8074560373751161 -0.3808904600909501 0.6516309123391317
1617105232892840862 0.9002459013953197 -0.34876182853089915 0.6882428446891546
1617105232959317922 0.9127219997876312 -0.30402001552670155 0.7147420480995196
1617105232992949724 0.9627206285940262 -0.2784467904776717 0.7478393688759168
1617105233092594623 0.9787068643310275 -0.24635334080849453 0.764812598874933
1617105233126254081 0.9970915219809551 -0.1995733646316734 0.7893721853477289
1617105233192801475 1.0171067833021952 -0.15401389503610724 0.809804512967764
1617105233226068735 1.0175453500380427 -0.1363789127858328 0.8201389829288336
1617105233325875997 1.072330697310448 -0.09076670946202287 0.835922953367108
1617105233359655141 1.074403627122725 -0.04174301777988193 0.8405414887904104
1617105233425961732 1.055638353687098 -0.012727254218217465 0.8391520500331704
1617105233459237813 1.0579999852283817 0.046544890715520953 0.8333905687899898
1617105233525942087 1.0710384193721922 0.09232296786109889 0.8194608045805036
1617105233592697143 1.0640441429841005 0.15039507595851231 0.7996555656322256
1617105233625941276 1.0256000573097404 0.1815863390378085 0.7912200976887922
1617105233692666053 0.9844059292219653 0.24152291778223986 0.7710036372800664
1617105233759669303 0.9781922014610118 0.2823346662117611 0.7457972605909671
1617105233792694807 0.8650299227178455 0.31706871297701517 0.7294518360340236
1617105233859414339 0.7767707158329178 0.37196264108860366 0.6938672119554211
1617105233926028490 0.6803445183912067 0.43524431975757805 0.6522444277762709
1617105233993281126 0.5088655685388566 0.44952328608103803 0.6322589447766827
1617105234025968790 0.395276571604501 0.5043977206408945 0.5869258359169558
1617105234092902183 0.28505034986963684 0.5613443847067354 0.5488310152460272
1617105234159250020 0.5482700991781626 0.6491148407860627 0.5151134870831763
1617105234192664384 0.5337353768395068 0.6821228979054763 0.5016860580377553
1617105234259387731 0.49624198890544546 0.7437525576736523 0.467179329732466
1617105234326001882 -0.02820300624660721 0.7338405403706454 0.44313449964802687
1617105234359350681 -0.052688578720496704 0.7557446059643942 0.4329205007725491
1617105234459337234 -0.031692708694890825 0.8713695210725945 0.3874848497953083
1617105234526040315 -0.06472879280361976 0.8850611949050662 0.38358396578591913
1617105234625918626 -0.18924704291874272 0.9079805441045445 0.37968987994707143
1617105234659352302 -0.13142760655570207 0.9440969392820167 0.3681222434307374
1617105234726040601 -0.1159894333971545 0.9721677074628841 0.35862989241283416
1617105234759339809 -0.18203306592251733 0.9707169952616486 0.3616735211155638
1617105234859256029 -0.28129000324372244 0.9617181946508775 0.3645423176428485
1617105234892588615 -0.26022883109099393 0.9640467040363401 0.3672092072027132
1617105234926028013 -0.2676112781619642 0.9559313931910127 0.3706850159757167
1617105234992814540 -0.30383733385819633 0.9353096046992659 0.38353524191743016
1617105235059774875 -0.2738251478913831 0.928507061019975 0.38390743668971716
1617105235126028299 -0.3886120267042781 0.8934170119969613 0.4118985098323677
1617105235159338474 -0.4410334838516774 0.8703997249065423 0.4179489412133578
1617105235259289026 -0.5566630296513742 0.8274453857930217 0.4447658209976185
1617105235292936563 -0.5306373280472156 0.8031094216846781 0.46783371961104336
1617105235325983524 -0.5333715254902773 0.7783537624770489 0.49208993780191224
1617105235392647027 -0.5500228763609893 0.7623470072277394 0.5090776765464227
1617105235459321260 -0.4798047180214775 0.7457019702050061 0.5417122749559253
1617105235525884151 -0.4687331784603259 0.715592397648743 0.5738672844962924
1617105235592600107 -0.3926383939872178 0.698950373054845 0.610882468662492
1617105235625958204 -0.3637157730591958 0.6904605077943016 0.6258284232521927
1617105235692639350 -0.2659221730299972 0.6782939412760414 0.6660773687196947
1617105235759396553 -0.019729021908227562 0.681525698415004 0.7164816999777319
1617105235825945854 -0.014428528575023414 0.6612354434055359 0.7506009563205742
1617105235859306335 0.05077663896202056 0.6656961369959891 0.7765930425305981
1617105235959591388 0.39928314073740756 0.692760388598733 0.8253321055848843
1617105235992662668 0.3997425411590716 0.6786442285867449 0.8395403829393763
1617105236026138067 0.6071088634003696 0.6957763640271171 0.8720881970239576
1617105236092739582 0.7366975284429338 0.6966230573740093 0.8905150610229966
1617105236159339427 0.07286138604248782 0.6171787204802032 0.8330788888610748
1617105236225953102 0.2289391919790993 0.6292753426441063 0.8459984863525947
1617105236259258270 0.3321904652103078 0.6378929389949785 0.8553331557615116
1617105236359296321 0.4919952483448937 0.6497982576440586 0.8605709028195183
1617105236393048524 0.49258538444320044 0.6485450970220819 0.8553595966956303
1617105236425905704 0.4654249784568285 0.6443598465432299 0.8477618839697124
1617105236492710113 0.5089425576774942 0.6529194849822206 0.8475398008980998
1617105236559316158 0.53068746440719 0.6671809063764862 0.8467348551680094
1617105236625904083 0.5331970347910899 0.6727667555951986 0.845618864503332
1617105236692666769 0.4912396258619238 0.6733962055091187 0.8394568506564473
1617105236726031303 0.4473003996721272 0.6737022632163859 0.8331803419290869
1617105236792588233 0.512996766523854 0.6850777458984003 0.8412749662413223
1617105236825992822 0.42592691870328236 0.6764757117070379 0.8314070050735533
1617105236926093578 0.2998881032777079 0.6646272269014224 0.820949687571189
1617105236959382534 0.2999902934439551 0.6646389350449184 0.8196996118373908
1617105236992685556 0.6594210512856997 0.7058196772260041 0.849414289125064
1617105237059379816 0.6076952171789674 0.6931428080708757 0.8451380372062063
1617105237126027107 1.0340749955040898 0.7280670270655656 0.8670947824520381
1617105237193283319 0.5554877201693702 0.6512054852733432 0.8234725187831239
1617105237259245872 0.5533390356213945 0.6149635584384296 0.8072959924558016
1617105237292780876 0.9367996789353437 0.6318937044604265 0.8303528678029968
1617105237359182357 0.5360143256712937 0.5534877040819828 0.7754306846435823
1617105237426018238 0.4562439460942893 0.4906996758238369 0.7477894291333333
1617105237492631196 0.4099199338830437 0.4603018145176696 0.7345255437585241
1617105237525999546 -0.02176083826676134 0.3684656243497392 0.6721663389866804
1617105237592722177 -0.09138828199413407 0.3000079064844111 0.6343014240510161
1617105237659803152 0.332545729063082 0.22321642534704544 0.6080583548665075
1617105237726217031 -0.07801681850251718 0.14226615557242586 0.5500634324903314
1617105237793015003 -0.1242073801982122 0.1042189985077648 0.5287212010302218
1617105237826021671 -0.11942828851456211 0.019091521262520644 0.4857118996236661
1617105237892687559 -0.12384486224669278 -0.0622583910074094 0.4369983328744991
1617105237959225654 -0.14238989955115144 -0.13883635249340565 0.38306637365172896
1617105237992630720 -0.11907144028554617 -0.1884218278594793 0.3700585916760163
1617105238059422492 -0.1491312672475651 -0.2575110970692189 0.32135013663733636
1617105238092756271 -0.1572752354400211 -0.3037138504413202 0.3093227883536831
1617105238659556388 0.08615171534991584 -0.5751055149359205 0.25832779340628353
1617105238725959777 0.15100349968880922 -0.5836560860940012 0.284051192047946
1617105238792749166 0.16280301364868377 -0.5627270651419591 0.3029973428755713
1617105238826061725 0.2239904871896896 -0.5614714268557237 0.30173659239087436
1617105238892785072 0.21226778936605717 -0.5150106201625242 0.31576843307559593
1617105238959340333 0.2992356125852491 -0.48052765835267836 0.3238552757079465
1617105238992636919 0.31941830807292204 -0.42804908772042366 0.3294795199907933
1617105239059355735 0.3850024438616635 -0.4079050120979119 0.333730013370273
1617105239126009225 0.40735006766969706 -0.3412629519368708 0.32399078327833186
1617105239193249702 0.43707725953830723 -0.2603783367032629 0.3138946758834458
1617105239226013422 0.5374739745358466 -0.22796757204307383 0.30764747361449263
1617105239326004266 0.5383904141831306 -0.1309987944739961 0.3116026267931924
1617105239359345197 0.543484394638162 -0.04883124368247729 0.3154150576208835
1617105239392750740 0.5870260754636836 0.02689095281613868 0.3233181342279202
1617105239492671728 0.6365331238464855 0.07956031727087616 0.3230691729719528
1617105239526036739 0.6008281810311566 0.16122941971972532 0.33095831516503604
1617105239592691898 0.6009336749981586 0.25020321415514163 0.35252458843710355
1617105239659363031 0.6520765776493662 0.33961084963232796 0.3675583173650333
1617105239692708969 0.6256128202393687 0.3820630095475025 0.3789934665939138
1617105239759919404 0.6008519973657518 0.46184895664012177 0.4104937210612532
1617105239826006412 0.5136513034736612 0.5238528811166012 0.44601423254441813
1617105239892624855 0.47362763591780643 0.5600623281061242 0.46588352408203026
1617105239925965547 0.36598231081361243 0.6146812732411965 0.49666068704103716
1617105239992573738 0.3794533872156358 0.6634856129217501 0.5364923982889638
1617105240026049137 0.27162555515664577 0.701392805567667 0.5685817803851738
1617105240092821359 0.3034660744412352 0.725497410897431 0.5844439092819652
1617105240159343957 0.22991701439010948 0.7395367504324486 0.6183491022229358
1617105240226058483 0.1962246756385464 0.7546477981934849 0.651522644522553
1617105240259232282 0.14106649862108567 0.7615013074326349 0.664842606570197
1617105240325982093 0.1475579367650206 0.7672813326234567 0.6991229158723649
1617105240392640113 0.11001697681367828 0.7546622060163941 0.7306703217336965
1617105240459245920 0.3327276817330378 0.7685850120072513 0.775479154896686
1617105240492666482 0.33285725718690395 0.7559195703944974 0.7970501067644765
1617105240559297323 0.21097484681058676 0.7061871649473161 0.820965058304818
1617105240625910758 0.5369743515263452 0.703752280502894 0.8884668248458263
1617105240692714214 0.38087848992535767 0.6379930754652463 0.9059092691865969
1617105240726035594 0.31463178053884056 0.5981192659666577 0.9118396123966339
1617105240825933218 0.18446113428349742 0.5240877100964315 0.9080831090409136
1617105240859209775 0.1032629874079034 0.4572961099033228 0.922238032799261
1617105240892668962 0.09702342269806197 0.4161295031364086 0.9203402432168207
1617105240959385633 0.09754889944864553 0.3526492645588859 0.9263906155919048
1617105241026043891 0.0057486007160987285 0.2772825504841835 0.9148170533579649
1617105241092718362 -0.0872698481622356 0.20181008018478444 0.9020174731844908
1617105241126028060 -0.12175202475175917 0.16988833144418133 0.8958746819640353
1617105241192758560 -0.15798145753072124 0.10713609533568075 0.880600226176333
1617105241259585618 -0.21788701615626982 0.03760722979646974 0.8575122069540349
1617105241326025485 -0.18509084485769556 -0.030504449942163614 0.8497935656008566
1617105241359891891 -0.21517349136675445 -0.06970872920190022 0.844532151015581
1617105241425903558 -0.14936226026676325 -0.13824942775725857 0.839918719353094
1617105241492706060 -0.16390387074395818 -0.19529296236408605 0.831772698923156
1617105241559350013 -0.3880651049945989 -0.19930111611716878 0.8060243357539436
1617105241592730045 -0.3225991706639184 -0.2556842443597543 0.8154550504830953
1617105241659340143 -0.6466599159095612 -0.25073714230305877 0.7805144787376307
1617105241693408250 -0.6576227853483969 -0.2639034554878494 0.7814249591488014
1617105241792962312 -0.6325422366522568 -0.295757480332212 0.7906794973339601
1617105241859325885 -0.5557536965965761 -0.30382470599024763 0.8031669419500148
1617105241925851345 -0.5033496333583134 -0.28890900964095756 0.8175170443126212
1617105241992688179 -0.4919862995624493 -0.2669369079078495 0.8340132160932909
1617105242026008367 -0.45272792314172117 -0.2596252753856167 0.8454120310861608
1617105242092652320 -0.45447283245164405 -0.21804155019602517 0.8607348175854119
1617105242159383296 0.24027544779126986 -0.2380511652588887 0.953731076107446
1617105242193170070 0.2158929380779182 -0.19736741389120027 0.9533698925559395
1617105242259319305 0.24436347437045614 -0.11922862244162469 0.9628992921676689
1617105242325969696 0.2753876134007478 -0.03386610889645017 0.9665625515512923
1617105242359304428 0.4039292728599899 0.011176048639063157 0.9791614978260345
1617105242426047801 0.48150003197399593 0.11184653075798436 0.9764616836396895
1617105242492598056 0.5227583375972285 0.20527240075393227 0.9626506506815322
1617105242559463739 0.5421936898958415 0.3025177821766476 0.9448417054920664
1617105242592889308 0.6236859123369771 0.3535253997696815 0.948074805716846
1617105242659259080 0.7105845100535793 0.44658354110307324 0.9406293436051003
1617105242726005792 0.9314605297507854 0.5561832545867658 0.944226023332241
1617105242792731285 0.5511776781760305 0.5694219929947062 0.904463589579369
1617105242859239339 0.74213191476372 0.6652522447523885 0.9118563319517358
1617105242892656803 0.4430153445002829 0.7200588809506567 0.8770625134730208
1617105242959354162 0.47103901520622093 0.7929204245186916 0.875742759213836
1617105242992633104 0.5631543287852598 0.8445178297491016 0.8855719535087885
1617105243092564105 0.6271209404078006 0.9136371928615676 0.8914882269786348
1617105243125951528 0.6498407564092781 0.9854270778043013 0.900402812325352
1617105243159274578 0.6432696382580025 1.0318956317190255 0.9025066552597787
1617105243259360790 0.7106249356344008 1.08034139039919 0.9143995544869177
1617105243292799472 0.697061237684149 1.1245174998111414 0.9213608280954606
1617105243393121004 0.7515344164290538 1.184388656264904 0.9392107063847659
1617105243459129571 0.7477765525932489 1.2100263448142021 0.9416176408619372
1617105243525988578 0.7444771450429335 1.2287710726226184 0.9329401731065567
1617105243592563867 0.6366024018677146 1.2113617059677764 0.9073109443354466
1617105243625987768 0.6876256867143113 1.2187635899956912 0.9053276404414313
1617105243726133108 0.6130962241259499 1.1992942979851875 0.8793773753875789
1617105243759247303 0.6239847966738892 1.1908976478890618 0.8586792966707113
1617105243825995683 0.5396027200844764 1.161527666187608 0.8395087288269676
1617105243859331130 0.5469176257152966 1.1378255881166335 0.8121409809804998
1617105243925866127 0.46220464383471027 1.0765764522558994 0.7873714775866711
1617105243993112087 0.4353627012577381 1.0308334445421061 0.7607541295874378
1617105244026015520 0.4651620508629901 1.010487541072914 0.7548927207621992
1617105244125967502 0.315662218659861 0.9228676003549501 0.7300435920199815
1617105244159286499 0.31030165069963145 0.8626334083701477 0.717099038263599
1617105244226219177 0.2508894467745999 0.7796760427656395 0.701197402544701
1617105244259277105 0.2576650546108712 0.733301357861224 0.694096316662173
1617105244325978040 0.192571308705904 0.6449721516785767 0.6795735824968695
1617105244392673969 0.6550467097866943 0.6043680892077483 0.6921702611493911
1617105244425969839 0.5352355154851307 0.5414656486304626 0.6850362149374343
1617105244493453264 0.5267488703967271 0.44530505304019996 0.667389228686218
1617105244592742443 0.4487059436520968 0.3442519076548519 0.6378766724452742
1617105244625981330 0.3713300875899459 0.2453659089849741 0.6067549698412478
1617105244693199396 0.44275014725562345 0.1540781354238184 0.5712958077182164
1617105244759358406 0.44270084262467213 0.12025203245150284 0.558284513544425
1617105244793171167 0.4575831238675625 0.04041665115718854 0.511589032471675
1617105244859055280 0.4690755425919746 -0.02800981020555826 0.4789764043404384
1617105244926029682 0.4355759616793322 -0.09007165718573296 0.4438378739206724
1617105244959393024 0.43386584649963433 -0.11463520652599285 0.4282674841654619
1617105245025992870 0.4746582450805872 -0.15539456993409717 0.3977353372044786
1617105245092644691 0.5247733242480872 -0.21090254280175158 0.370404441663118
1617105245159220695 0.5759753004385275 -0.23148349458419798 0.36255637428615667
1617105245192994594 0.6739432317822822 -0.25549786636000654 0.3520014561784791
1617105245259678363 0.3022015007426089 -0.22411157460805653 0.35523309338314735
1617105245326002120 0.46897707619835804 -0.232183133895284 0.3454752167153447
1617105245359321594 0.10371565814125949 -0.1871568149540575 0.3558149157267144
1617105245425980091 0.14303354449850536 -0.16407480122751322 0.3607611921096998
1617105245459338665 0.23658731089682528 -0.16206035734735263 0.361971148935314
1617105245559760332 0.3434863488406106 -0.1314199765967527 0.3693714991964887
1617105245593080520 0.49463038772047296 -0.09504146154389842 0.3842430072395896
1617105245659421205 0.4703265740471303 -0.03592437341689228 0.41220798633699196
1617105245725991964 0.5435234815624228 -0.015557915861429905 0.4272188064213221
1617105245759933948 0.574024802783176 0.047432966542356514 0.4550689681274891
1617105245825993299 0.5935809246329984 0.12222814852231328 0.49134362082907956
1617105245892656087 0.5516504478115523 0.18410148507744944 0.5258149891826909
1617105245959864854 0.5381883885987464 0.22397193692912276 0.5429298656693181
1617105245992644071 0.4647229677391729 0.2833970593281532 0.5665745434928907
1617105246059288024 0.45990593918822276 0.35512111054008033 0.5886729710895646
1617105246125911235 0.4512099184447407 0.4238621975542033 0.6027769063843923
1617105246192645788 0.44026921903726235 0.4804660636940272 0.6154482548313552
1617105246259317874 0.45430885445117797 0.5088251688474231 0.6146110432455898
1617105246293195486 0.3805048431148861 0.5635678017945601 0.616024238412797
1617105246392577648 0.25528323802418074 0.6520452375096105 0.6055559224977494
1617105246459181785 0.1284166839798906 0.6618864654556119 0.6002393727083781
1617105246559323549 0.04289059762015057 0.6954674959953746 0.5904023849062453
1617105246593182325 0.03765300039669306 0.7361054658243213 0.581980148691121
1617105246625931739 -0.038226597420669695 0.7486286813594274 0.5543642446045371
1617105246725984096 -0.17234533089737303 0.7413307527893458 0.5402766771264064
1617105246759342670 -0.1975000558625597 0.7431257347482239 0.5142639119644821
1617105246826045513 -0.22788848988828025 0.7451499669383199 0.46984377748354067
1617105246892660617 -0.3488390577627043 0.7213585862460685 0.43681815396076806
1617105246926142215 -0.5109486196312081 0.694818184007733 0.41695743909112937
1617105246992672920 -0.6261778953537727 0.6627228649967161 0.384340423119509
1617105247059325695 -0.7057546946429714 0.6434213545062171 0.36721736853906467
1617105247125923395 -0.7407449860773969 0.6184652291772952 0.33701898923596996
1617105247192569971 -0.5941972187433575 0.6376204069918385 0.32892343804409635
1617105247225985765 -0.6235746457699736 0.6089961568691364 0.3095067944316604
1617105247292673349 -0.6808495161262877 0.5686963487959722 0.2948858756237369
1617105247359375476 -0.7916549339139265 0.5218254727166236 0.29058645967764535
1617105247492597579 -0.9435162564827748 0.43775339294229 0.30726524873762995
1617105247526060581 -0.9262204301054484 0.424946644452651 0.3098976652172788
1617105247626029491 -0.9922911784813615 0.36187085547453135 0.32303391790173497
1617105247659285783 -0.9895126378219405 0.3244227349406602 0.3377679921873776
1617105247726106882 -0.9122964892418173 0.24202055542707693 0.3432742382124222
1617105247759316682 -0.8606710201479668 0.2202510411072596 0.3484120433893265
1617105247859257698 -0.8489867695233388 0.14981854062174077 0.36353304701959194
1617105247892950296 -0.716014806956804 0.07297132890114981 0.38093209585138
1617105247959289789 -0.6474380062144363 -0.009398856564425628 0.3897749669720375
1617105247992595434 -0.5439909841534862 -0.055665334583091836 0.396313738234389
1617105248059364557 -0.3889208229225978 -0.1486375540344036 0.39926059497625216
1617105248125999212 -0.24310743184673056 -0.2301819625222486 0.4182870270809656
1617105248192724227 -0.7823120378814599 -0.24136993589436656 0.4314692146707421
1617105248259308338 -0.60786743453829 -0.29437537135219966 0.43625290984707477
1617105248292729616 -0.5069479926393852 -0.36989380248834375 0.4494862535943105
1617105248359623908 -0.4374134114001187 -0.4330218216440485 0.4573827746992879
1617105248426081895 -0.2791734771918768 -0.5075043379336934 0.4752771167402875
1617105248459319114 -0.28237853464607854 -0.524265281180998 0.4796136096421429
1617105248559322118 -0.1734742300992438 -0.5765871506066111 0.48772442297446744
1617105248592654705 -0.17743646093531984 -0.595886222613397 0.492171747841661
1617105248626010179 -0.08401912277561063 -0.6277886404325514 0.4984451950961788
1617105248692723274 -0.042369928246876576 -0.6434765567536622 0.499909927493185
1617105248759393453 0.11095566158956105 -0.6771562447285442 0.503494176769231
1617105248826015233 0.09133780061758534 -0.6586372742226885 0.5045280443662347
1617105248893361330 0.18432794336775649 -0.663340380013514 0.5028781947359484
1617105248959414958 0.23428582443525103 -0.6636685279107439 0.5007994050136306
1617105248992675304 0.23602257452982345 -0.6293137721309532 0.4983332062500927
1617105249059740304 0.27729612559849537 -0.5997777285342158 0.49110309576359745
1617105249092708349 0.3791773599192285 -0.5930180355077024 0.4877677701053506
1617105249159441709 0.3558655688626442 -0.5403793601849938 0.4812957550417717
1617105249226686239 0.4539619623294233 -0.5294759750150875 0.46851063887088107
1617105249292549610 0.6045055159483401 -0.49177787591738414 0.4644120233350808
1617105249325990200 0.5896946987082212 -0.41696715776140875 0.44829326941473535
1617105249359643936 0.6490710165859306 -0.3526015697377735 0.44664568608631194
1617105249425940275 0.694157939210061 -0.31794661146384623 0.4381607431287905
1617105249492710590 0.724617586273673 -0.24367254230132873 0.43379633300929216
1617105249559260606 0.8485219802728534 -0.1767537842057758 0.4285673242321014
1617105249626310825 0.833222261900533 -0.0891618818774948 0.4286999820441356
1617105249692691087 0.8964260562481816 -0.04678102028465689 0.4209719037313618
1617105249725993871 0.8418654863344641 0.04522872410477011 0.4229459234110625
1617105249792949914 0.8666295278758782 0.1372938865138007 0.4284103208423744
1617105249892644882 0.8491421345119927 0.3095048303676836 0.43851555646868434
1617105249959420680 0.7525334588007326 0.3570421391074895 0.4363656032273907
1617105250026093006 0.7875651844354317 0.44398766598000494 0.44734295714570455
1617105250092680454 0.6944033400773644 0.5213287467993089 0.45742171733526266
1617105250159386873 0.611957133480542 0.5963258192957943 0.46575421477331
1617105250225994348 0.46953141594319847 0.6251587039204188 0.47635933828667293
1617105250259877204 0.5126646687433936 0.6995801410844735 0.49228366512630634
1617105250326045513 0.46915057111523195 0.7651708448933465 0.49991871460770665
1617105250392654418 0.3597964274368608 0.8169947846405035 0.5081094346271386
1617105250459811925 0.3287037014416101 0.8795339715432269 0.5141687023877107
1617105250492598056 0.32182033779342456 0.9201499439619938 0.5153623617705495
1617105250592873573 0.15774493724602356 0.956048257385109 0.5148280851739478
1617105250626071691 0.1438044881602063 1.0261267491747674 0.5158872920100416
1617105250725903511 -0.017863693712817597 1.0507475074544539 0.5024264347252366
1617105250759591579 -0.016925862257884727 1.1091693406069796 0.5012699462191094
1617105250826057434 -0.16326289919692938 1.134940231882506 0.49785910152150425
1617105250859300613 -0.16782311743326161 1.1528133379724799 0.49558664329252333
1617105250959239721 -0.2270422997221173 1.1925878888625316 0.4962856380804172
1617105250992634773 -0.23436798420908023 1.2191733700730687 0.48853667391314376
1617105251059338092 -0.37622919349001727 1.2025453443589602 0.48782512174395354
1617105251125979423 -0.4048285730811667 1.2184398132240675 0.49082821814011274
1617105251159370183 -0.4374912750030986 1.216091996250937 0.4885569718891187
1617105251259329795 -0.5369464612127168 1.1997115101498634 0.48499991172412404
1617105251292603969 -0.5229093654085841 1.2120397945015322 0.48506196650620104
1617105251325970649 -0.5929207177975888 1.1948042391024263 0.48475246236973024
1617105251392692565 -0.6285932662433709 1.1849385056229031 0.4845947622121747
1617105251459357261 -0.6199874547197295 1.1875580893548354 0.4856176387430695
1617105251526051044 -0.6645565297451301 1.1691335363323407 0.48540734838817284
1617105251559495210 -0.6585442752433344 1.1699813444101146 0.4854357160204872
1617105251659265995 -0.6926346200435125 1.1548491142752912 0.487201302296163
1617105251692580699 -0.7147504697666585 1.1414930355875879 0.4909103417325423
1617105251792647838 -0.6765089770631625 1.1103361560244225 0.4969671366293801
1617105251892618179 -0.6888912122091417 1.0952234800972662 0.5016861602269531
1617105251925935983 -0.7489316774409986 1.0423035122942117 0.49920625007101943
1617105251992684602 -0.7411944513174924 1.0130914814780365 0.5030723650026089
1617105252059319972 -0.5782079118021257 1.0008230731189727 0.5037655000095141
1617105252126060724 -0.6088166802723918 0.9785049290836865 0.5044453072831578
1617105252159521341 -0.5068999795785625 0.9510660984090993 0.5004099293887362
1617105252225990056 -0.49861519948980515 0.8988222308117986 0.5004835292181298
1617105252292734861 -0.4611786032612506 0.8653813083693349 0.49875194057376904
1617105252359845161 -0.35289367603686017 0.8420759653388521 0.5017780812943725
1617105252392616033 -0.19597025082627617 0.8455676717024727 0.49983917639357334
1617105252460262537 -0.045271187954139425 0.8308190284903474 0.502199262854571
1617105252526155710 -0.06175635006322988 0.7889258289386929 0.5009116992518137
1617105252592665195 0.043298319129340346 0.7900948335138402 0.5029333869022105
1617105252626006126 0.04522955874575052 0.7773810671061829 0.5029493943238484
1617105252692747831 0.09774042044013287 0.7708916380509652 0.5045830185942786
1617105252759306192 0.2484268633367983 0.7768364026637684 0.5071200564143687
1617105252826323747 0.24034725160138715 0.7694782870218664 0.5107707052950677
1617105252859333515 0.2650879756011313 0.7729753865973152 0.5122607486839174
1617105252959074258 0.3933312991594522 0.7936752236882603 0.5238432643299094
1617105252992869853 0.3932825082149942 0.7936682980580732 0.5277015917896616
1617105253059780359 0.44698685519885073 0.8065005228229876 0.5297206584836238
1617105253092996597 0.4644279236228601 0.8181493099962827 0.5351885473559079
1617105253192734241 0.49995297173126163 0.8443969725821296 0.537033588382988
1617105253225999355 0.5331347321844144 0.8719481936732769 0.5401915355594207
1617105253259407758 0.5515781277603247 0.8894750962951508 0.5444818228740861
1617105253359831094 0.5739685174390163 0.9077604870426998 0.5448539411303316
1617105253392599582 0.5555874779104859 0.9328170935170907 0.5485522639946869
1617105253459314346 0.5321293686530182 0.9514497048199073 0.5481414621542852
1617105253492806673 0.49986910298226706 0.9616885787424585 0.5488945402100256
1617105253559383392 0.49713844523135053 0.9770132757379162 0.5488459080760457
1617105253625977993 0.4992246685970154 0.9879315188879438 0.548883063041437
1617105253692693471 0.4267443039928369 0.9902656420431342 0.5398146053232107
1617105253759342908 0.44895983566758746 1.0074260526222385 0.5401705978873134
1617105253792651176 0.3740570659559235 0.9945533964888782 0.5389703192066843
1617105253859750747 0.29403922789705605 0.9819233910774117 0.5364312904406116
1617105253926147222 0.21546008401196337 0.9620717192395611 0.5290284596297267
1617105253992656946 0.2702926706911213 0.9574196718795058 0.5260600822686913
1617105254059451341 0.12566282915312543 0.9149636406137662 0.5180963175121339
1617105254092738866 0.05694990285102364 0.8906491223381785 0.5113502361373786
1617105254159315347 -0.05628309777081464 0.8416522444113435 0.5078707480909804
1617105254259238719 -0.1186069719569538 0.7901826735821771 0.49365334616375595
1617105254293049573 -0.13265981920874337 0.7438696221571366 0.48339768801839245
1617105254326030254 -0.17585451744865344 0.7072972696720032 0.4754264599667169
1617105254392743349 -0.35629038348351383 0.6224094700964421 0.4613428731442918
1617105254459247827 0.058868539744364234 0.600221899847853 0.4484690411845764
1617105254492599725 -0.13120577999341387 0.4954283246140556 0.4381924165235372
1617105254592988252 -0.3336123831486639 0.4401003760124823 0.43025684217147375
1617105254625928878 -0.3956741840073641 0.35464082401421426 0.4193753814881896
1617105254692646503 -0.4204863167142636 0.25526092438379366 0.4009353623422599
1617105254759196043 -0.4249017457160522 0.16652175002804104 0.39163636794696777
1617105254826144218 -0.48883229862249244 0.07257292664283432 0.380779406415294
1617105254892552852 -0.5137888736370209 0.024563404836208252 0.37736074753199766
1617105254925990104 -0.4094825292075459 -0.08283397570477213 0.3609151836427652
1617105254993137121 -0.34267697429953436 -0.20416167091036574 0.3449697537614268
1617105255059605360 -0.3195637941323759 -0.3172812479170507 0.33557044072788333
1617105255126012563 -0.37752496099513166 -0.3663745103343246 0.3292727649142884
1617105255159323930 -0.8121470636639261 -0.3728141989047807 0.3437068461976789
1617105255259379148 -0.6911460524070852 -0.48967078074331877 0.33784186449184644
1617105255292906522 -0.671544238304576 -0.5722525731057091 0.33219457015614584
1617105255325986623 -0.6540860597826317 -0.6074729754682349 0.33340560881951037
1617105255393028259 -0.5686325719421208 -0.6880212276362097 0.34184383379101346
1617105255459678173 -0.5225365891266986 -0.7566991091850293 0.3471831573722858
1617105255525829315 -0.457608348630143 -0.8117408653252334 0.3572406584320992
1617105255593164205 -0.4368340698124631 -0.8415786533577201 0.3648806616307864
1617105255625994443 -0.37656785715964913 -0.8835204610176648 0.39161302227829053
1617105255692284584 -0.31414429694591295 -0.9269475425692408 0.4085251009318213
1617105255759322404 -0.3042771996867346 -0.9504647787695673 0.43856279037120194
1617105255793274641 -0.26534701642942915 -0.9636931765962224 0.4556708233943893
1617105255859289407 -0.15937965373621354 -0.9967642887035535 0.4821815382828202
1617105255959261655 -0.12041490661229526 -0.98852223568595 0.512911127454801
1617105255992871999 -0.06534845943713474 -0.9812659378689248 0.54227776164622
1617105256060220956 0.004375070948156701 -0.962416357109539 0.5658231420827843
1617105256126065731 0.036294065663171615 -0.9162200750410856 0.598463145835296
1617105256159196853 0.08992043711181497 -0.9119047120989883 0.6121605548215896
1617105256225867271 0.17576216821430313 -0.8643689695424241 0.642071300916696
1617105256292589426 0.2220832132718802 -0.8057351486773001 0.6662493445562735
1617105256359739542 0.24778118044876551 -0.737254804904522 0.6910813556460427
1617105256392672538 0.31797748086378563 -0.7059022624172102 0.7099629024308758
1617105256459315061 0.32373004848776654 -0.6349617349209871 0.7318033581517126
1617105256526034355 0.35926671857931636 -0.5677510439954216 0.7658952990667693
1617105256592305421 0.38713585168888676 -0.5006784493258452 0.8012144076208965
1617105256626010894 0.42525198004626175 -0.47299676666820617 0.8222802407325781
1617105256693279504 0.365707427521341 -0.3988855927709443 0.8481384759825836
1617105256759329557 0.3675453641767388 -0.34159383703526064 0.8751520001848124
1617105256792662382 0.5621042801168143 -0.33179395045912946 0.9148787465471461
1617105256859251737 0.9774861369520544 -0.32655449265821074 0.9910595176621833
1617105256925990819 0.830677759256504 -0.26182505279063534 1.0052173831972029
1617105256993132352 0.8105543290314947 -0.2232854131151054 1.025522424049056
1617105257059841394 0.752890735807973 -0.18912045846207282 1.041058011285095
1617105257125991344 0.7758715540755907 -0.17693044117720857 1.0508611409247175
1617105257159385681 0.7124371232945372 -0.1665939925587896 1.0471750318758923
1617105257226017713 0.689219527775863 -0.16211189426951905 1.0415397596904636
1617105257293163776 0.6762184274580929 -0.16526047956055256 1.03856062907296
1617105257359308004 0.5987328192194208 -0.17157947896259024 1.0155219306987986
1617105257425944805 0.5625563660918034 -0.18882112897754638 0.9937874012699565
1617105257459061145 0.558647930508267 -0.1978488534553049 0.9773055595183935
1617105257559106111 0.5566079642547668 -0.22704506650680023 0.9543815989429332
1617105257592779636 0.5567968480173149 -0.2604362611469365 0.9223628952126011
1617105257625993013 0.49515867693064886 -0.29388438096991326 0.8766497879141968
1617105257692630052 0.47831392031951614 -0.3104430551814323 0.852804449145882
1617105257759298801 0.40291811392578003 -0.3536221054755421 0.798557700681121
1617105257825986146 0.3035782550670896 -0.38043614741464965 0.7393804334746967
1617105257892663955 0.21367203176074634 -0.4116849855011853 0.6806462514194274
1617105257959306478 0.3235123601543539 -0.4767259157508949 0.6330768337533041
1617105258026004314 0.4506537159173143 -0.5419744011549357 0.5753890400764474
1617105258092937231 -0.21210540678611833 -0.452656659972781 0.5406392632716347
1617105258125990152 -0.2053379844594594 -0.48705434219388427 0.4942233005092827
1617105258192698717 -0.11437468667518003 -0.5181035536824934 0.45280997015550817
1617105258259294033 -0.11496315551854686 -0.5406977424972517 0.40854400488955284
1617105258325944662 -0.19407904446304913 -0.5190826582431152 0.37313721557216767
1617105258392601966 -0.2516581216835685 -0.5137803058297932 0.35383608002567923
1617105258426065444 -0.010968168522612842 -0.5521811704164847 0.31125393341015
1617105258492709159 -0.04694776342850204 -0.5408378909706284 0.3011580447280844
1617105258559315443 0.39937808564579624 -0.5695911870157799 0.2559885035954117
1617105258592655181 0.43963466869592294 -0.5505591781996371 0.2448978041351934
1617105259159314632 0.7940955492119186 0.13091185198411334 0.2842659247015703
1617105259193309545 0.7922293987887694 0.18151163466667086 0.30822447974595574
1617105259259337186 0.8272970209039987 0.2692804246620086 0.3367474592165728
1617105259326050519 0.9801112630985673 0.37295119757888073 0.3660680782400086
1617105259393143892 0.9711647054097869 0.4659276095590576 0.3997971929038936
1617105259459321737 0.9448848560785001 0.5499698852262058 0.4393352449797699
1617105259492891073 0.9186938889391674 0.5898186752262642 0.4568116516218845
1617105259592732191 0.9256008221327368 0.6669711905432212 0.4900208048834228
1617105259625919818 0.9333310695903054 0.741543106486418 0.5291214904314541
1617105259726003170 0.872930931113546 0.8103071935561448 0.5626837615835429
1617105259759376525 0.8641678585758297 0.8662137742843339 0.6081599317386381
1617105259792686700 0.8210268087988282 0.88831035519163 0.6238796265990116
1617105259892648220 0.752918587009558 0.9269224042063655 0.6620798148916262
1617105259925954341 0.7736008723842196 0.9736047324604171 0.7077111283696408
1617105259992591619 0.6991101433522586 0.9982236823109398 0.7466429617693375
1617105260059253692 0.6502633467163492 1.0073057406124508 0.7846069458311058
1617105260126001358 0.6045467620990634 1.0071432422351185 0.7976568199283096
1617105260159364461 0.5877481182460866 1.0228974125410877 0.8327356103532008
1617105260259293079 0.5518560809466115 1.0228683286324787 0.8591906246308196
1617105260292626380 0.47320381233933384 1.0120070715559986 0.8707019741022592
1617105260359338521 0.4704944326981777 1.0206601135611733 0.8822389761144975
1617105260392645597 0.38868807055516763 0.998607294845145 0.883569956879162
1617105260425878763 0.3024250476183634 0.9948489271016816 0.8841241137489719
1617105260525899171 0.2627454071660096 0.9884570650186779 0.8839840545343433
1617105260559450149 0.1914215597016713 0.9845142124693402 0.8781679193397495
1617105260659361362 0.13066211436115305 0.9678210854559055 0.873358738324338
1617105260693187952 0.06657128261991829 0.9613321578333966 0.8717488077295952
1617105260726033687 0.009916770009785303 0.9490839171639138 0.8683982021030521
1617105260792711496 -0.033690506576427914 0.9231825339090178 0.8732628937736842
1617105260859339952 -0.07834369302820221 0.9009135218780566 0.8709333241955396
1617105260926000833 -0.14061471565684558 0.8689639799877322 0.8678336820926897
1617105260992781877 -0.23074149537893218 0.8448731380224217 0.8627741817978394
1617105261026269912 -0.25273648382996683 0.8146615260475958 0.8604388317319502
1617105261125973701 -0.4107909864149635 0.753876396595393 0.8415630143681079
1617105261159318685 -0.4050379397816424 0.7191558062436647 0.8390240698500442
1617105261226050853 -0.4298730287091459 0.6716185065403262 0.8322585252533039
1617105261292684316 -0.44864582643464956 0.6555161772715558 0.8292797537456387
1617105261326001405 -0.5049540673532511 0.6111389701695437 0.8122590378936907
1617105261392658472 -0.5580607899865417 0.5583041488567011 0.79892611442527
1617105261459606885 -0.5188283859517746 0.5180487767790206 0.7814396250337938
1617105261526164054 -0.6226532764526542 0.48414274220201414 0.7719604229808679
1617105261559298515 -0.627902910802459 0.4384660398750533 0.7498666353481946
1617105261626014709 -0.7147411114123781 0.4029697261611286 0.7243305714324664
1617105261726051092 -0.8597291562893368 0.34449960485290276 0.6964188269619283
1617105261759514808 -0.8746969983131652 0.2973361986021213 0.683497389076396
1617105261792640447 -0.8697365420227827 0.2747635992690104 0.6811124419469998
1617105261859810590 -0.8537652087257555 0.22766381177349965 0.6684850849320652
1617105261926081895 -0.8981158677663021 0.15841852975757786 0.6448756406975886
1617105261992685794 -0.8016442269239796 0.09443854041077074 0.6374090446138425
1617105262025927305 -0.7656593899646622 0.06238516596636741 0.6383932263757629
1617105262092671155 -0.7287784094350611 0.0038665330462018255 0.628926318850219
1617105262159304857 -0.567286518357792 -0.05504448393315234 0.6359431557923894
1617105262226025819 -0.4630424064283951 -0.11597033253852318 0.6245829410110424
1617105262292834758 -0.3741971342891799 -0.16904734326032322 0.6190226661551333
1617105262359346389 -0.2834787564718275 -0.18880204825853686 0.615229968557705
1617105262392617225 -0.17917863986981386 -0.22278647758249542 0.6104560354414938
1617105262459298372 -0.18534504282173492 -0.21766768329360625 0.6013119084134315
1617105262526055574 -0.13866064155289104 -0.21585713186477534 0.5950526726388059
1617105262559273481 -0.15596072979225495 -0.1994531834937105 0.5911133664684781
1617105262625981330 -0.07458142103582155 -0.18125182851121097 0.5845480639048743
1617105262692743778 -0.07150035939337407 -0.14824781946638682 0.5800475080286613
1617105262792593717 -0.3208000606918793 -0.042205419010589384 0.5536079837075085
1617105262892534255 -0.21972725022897954 -0.02855750886599781 0.550429748968369
1617105262925918817 -0.2729497429005554 0.021221903126965924 0.5307785386588889
1617105263025967359 -0.5638002601456686 0.07591484137506084 0.5059137400594984
1617105263059367418 -0.5626244573060002 0.11795826360790615 0.4888939931763616
1617105263125921010 -0.49108584058439275 0.15654440482117468 0.46371577711545997
1617105263159226417 -0.4470604423690103 0.1697158076798398 0.4522362082883871
1617105263259268283 -0.41243150263302253 0.20833726169286623 0.4227551680604904
1617105263292692899 -0.30444696530030546 0.24264735334941184 0.3889433552532461
1617105263359381198 -0.3657145778671853 0.2840081398889076 0.3775872817995168
1617105263426077842 -0.26521751291525497 0.2989349698077105 0.37280087766342573
1617105263459577322 -0.25655065889583906 0.326540389939618 0.3605483849760184
1617105263526080846 -0.2715853062530096 0.3444450078915866 0.3522884052331084
1617105263592581987 -0.2826033045118108 0.36348361285847464 0.3493872720272566
1617105263659350633 -0.25083662775012083 0.3858803033827296 0.34614747396631745
1617105263692662000 -0.2562721865316395 0.39650662664565195 0.35179569680769673
1617105263759331703 -0.2612949777789404 0.41476704005194576 0.35523197131243767
1617105263825956821 -0.2615460108016152 0.42020837473003525 0.35851426361358496
1617105263892667293 -0.16588840088499257 0.4455109779653465 0.3623268370861859
1617105263926059246 -0.15921193784214926 0.4515915555620667 0.365501637527139
1617105263992591619 -0.22260722964256807 0.455850022511874 0.36946461675018366
1617105264059489488 -0.21606629791602394 0.4629667714171076 0.3714972655182198
1617105264092693805 -0.23482988765562007 0.4736308775020266 0.3763926369766186
1617105264159370183 -0.2347483706492408 0.4736373551226467 0.3796889306058715
1617105264225919008 -0.2444376685205456 0.47067427028972664 0.38431201479055827
1617105264259300708 -0.22162878282350196 0.4757832388914277 0.390401854704024
1617105264325910806 -0.2174985386636008 0.4628576481605437 0.39583612752158726
1617105264392618656 -0.27432038858003294 0.44873924759851525 0.4121987514226364
1617105264459292888 -0.2975872399390971 0.4264944654554202 0.42877797718576977
1617105264492741107 -0.22111175852515474 0.42285598760765375 0.4345311650929794
1617105264559295892 -0.34424384313404355 0.39025525079310186 0.445310572680076
1617105264626005172 -0.3703095969287018 0.3537759201292975 0.44760828463016156
1617105264692657232 -0.4607342236922123 0.317362931457982 0.4595314528971203
1617105264726012468 -0.52296700324717 0.2946248954588415 0.45363704801194693
1617105264792740821 -0.1790711121842672 0.26825016266012447 0.4542174569742257
1617105264859390497 0.13062612087248615 0.22237739793382755 0.4347919155388791
1617105264926051378 0.06868575859352788 0.18009028681220204 0.4198624336587238
1617105264992691516 0.04048387386785546 0.15882547460697558 0.4095839555917097
1617105265026016235 0.03969031582279792 0.12221539053189522 0.3859738911791725
1617105265092720031 0.05253603358021541 0.08529560426008295 0.366743123345523
1617105265159515857 0.09676332511204544 0.047103155475951175 0.34163466435455603
1617105265226081371 0.2068579973565945 0.0336229012995298 0.3245857712176343
1617105265259308576 0.20396676126261637 -0.019164123264348715 0.3062376354904137
1617105265325995922 -0.2063577490864419 -0.03041691959479123 0.3103052718302379
1617105265392716646 -0.21552313485422214 -0.03321451764254202 0.31069834498016197
1617105265459525823 -0.5988551216155362 -0.015175374664454844 0.325155949419558
1617105265525953292 -0.2222341032962074 -0.06040870835091611 0.30988298000241765
1617105265559346914 -0.2238605182630531 -0.08566517709958432 0.3121586002001203
1617105265625952959 -0.5948679783134514 -0.05708583941049 0.3180364391153726
1617105265693045854 -0.15811139431204158 -0.09486725484160735 0.2936468327636541
1617105265726045131 -0.5722060436811227 -0.05569967123025624 0.3070133730682363
1617105265792751312 -0.5030352827512257 -0.045260661797340646 0.29142028891763944
1617105266225936651 -0.462151475208203 0.0779307593670361 0.2903216201406933
1617105266259302377 -0.4617886478153128 0.08514338937700956 0.2933985250025345
1617105266359315633 -0.49238203165002803 0.13200607413913854 0.3031387319680505
1617105266426004171 -0.4854232635517177 0.13703326638729915 0.3007512162680753
1617105266526189565 -0.4836725930750654 0.1472653304315671 0.29348746631602424
1617105266592676401 -0.45624854623415034 0.1635416397691163 0.2796802772645699
