1617105229892780303 -0.12878629995110494 0.08497643862006841 10.266471564774678
1617105229926269292 0.4475706812049663 -0.0637923894404533 10.752864234854147
1617105230025952339 0.2527589330336062 -0.08642556519865083 9.906996515954203
1617105230059610843 -0.13043838524215193 0.00686499267755479 9.339453868783721
1617105230125886917 0.14058303795543864 -0.10289398764542243 9.654781590664705
1617105230159528255 0.25168630808640546 0.07159560581932192 9.936809775855975
1617105230259364604 0.1453884531953295 -0.0694817249335199 8.750764831026203
1617105230359358787 0.20003846057102712 -0.10041967106656999 8.273199761697592
1617105230393122911 0.114685711623785 -0.027793127953779043 8.715542663629808
1617105230459422111 0.1908316380391578 -0.02099813837744598 8.937999389380758
1617105230492642641 0.22277210886693036 -0.0856850441397582 8.781914286864541
1617105230559856176 0.33008529901737654 -0.08082492056763672 8.591969389053896
1617105230659314155 0.09020495982513234 -0.07843673893863361 8.90701629211421
1617105230692703247 -0.08754581646677494 -0.03407042045219848 8.738076657079628
1617105230725997924 0.2667642797951807 -0.18240750867259478 9.554324580815502
1617105230792698144 0.14235272583175013 -0.09540999466991662 9.737753649205402
1617105230859342336 0.06437032369208237 -0.005371213499539127 9.714618375490588
1617105230892477273 0.37030046684320134 -0.3486361941729587 10.035510537205273
1617105230993721485 0.13484693613862245 -0.18910459727547907 10.067320596944986
1617105231026262998 0.2760595446229306 -0.26289964461588045 10.446536605103805
1617105231093239307 0.9186317141684848 -0.1023119483763547 10.654399205367005
1617105231125979423 -0.9402509009859483 -0.9967642945410914 9.69824133632118
1617105231192898750 1.6019511286818893 -0.3639781155910549 10.48448219881896
1617105231259397268 -0.8617461143252243 -0.5818903044795951 9.85655855131015
1617105231293325662 0.3018660921097692 0.1195760115679987 9.287065521439889
1617105231392945289 0.6431053815769172 -0.5959570104788618 10.294777048188976
1617105231425989866 0.9365032189235314 -0.42542888253333466 10.744021416282072
1617105231459317922 -0.3846564350231587 -0.2669935255808081 9.23373524228408
1617105231559373617 0.4401078856370453 -0.6561616447385233 10.496621104831492
1617105231592758417 1.19704605106729 -0.7655948999453498 10.96501684147019
1617105231692979097 2.2783439726935835 0.3401802112479722 10.68964909683421
1617105231792681694 -0.2960172386979444 -0.4534112660620034 9.772542285887152
1617105231826014518 -0.009396085272057715 -1.2102774195733628 10.518006047826026
1617105231892680168 -0.7190113833047257 -0.2509496327426435 10.068019094263859
1617105231926016807 -0.5510011592703437 -0.6842729887216061 9.890153428998586
1617105231992751836 0.15140629915503434 0.23995747428014844 9.387025562399081
1617105232059412479 2.307314655597518 0.0018976495528955986 10.865505055933287
1617105232092693805 0.11026574487979807 0.3452985221778523 9.759948080924158
1617105232192687988 0.6984003325470738 -1.2290454670502147 10.52486664545444
1617105232226038932 2.2625898245898095 0.8094083188137623 10.740669684636513
1617105232259708881 1.5414611960895206 0.07049179642451904 10.204993265741876
1617105232359303474 0.5708914168807409 -0.5937944507004633 10.414555051352208
1617105232392742872 0.9671102618081526 0.40737561980675585 9.876871959636018
1617105232459514141 0.9816367234526445 -0.911012973315144 10.483791950281786
1617105232525912284 0.7884136976428182 -0.6027428837077273 11.008638433551152
1617105232559410333 1.1491766576485205 1.3689782572238849 10.413477828365837
1617105232625988721 0.8958294681193064 -0.07076426008775871 9.987514708622564
1617105232659456491 2.059159480509041 0.5487667418353454 10.548907220116828
1617105232726019144 -0.666509377079286 0.10320059527626269 10.907473400498361
1617105232826153516 0.25626109277432774 0.2817470564450786 8.614340836914646
1617105232892872810 0.6340560530851883 0.7514329236125479 9.358890064099501
1617105232959349393 0.5301134252512217 0.4652819957792159 8.131333851411952
1617105232992981672 0.2945711072977177 0.24813425304822428 8.988607059674704
1617105233092628240 0.48823443839501596 0.12020502859796159 8.961491582886332
1617105233126285076 0.23810276220486754 0.02139199562242803 8.837879732925515
1617105233192865848 0.4541960458685766 0.2921165700185337 8.131092908513168
1617105233226100683 0.45927617973738033 0.357592869350825 9.08555161852233
1617105233325909614 0.34851272724090065 0.23682388547816555 9.506773390584069
1617105233359691619 0.19842199870390642 -0.02594913866524086 8.971600569797443
1617105233425995588 0.3108705055236186 0.5098471287056412 9.588608741901691
1617105233459272146 0.04374091021266287 0.5193717839611777 9.453093666786094
1617105233525997400 -0.29139384666712587 0.19613379339067785 8.17235190162888
1617105233592730045 -0.05105616310650063 -0.06027963633546811 9.197103751443171
1617105233625972986 0.036017765567210605 0.5076858797014502 9.016408782666337
1617105233692698478 -0.29777901180600264 0.7286025468366918 9.171956715686619
1617105233759701490 -0.15500905963116765 -0.6463389702387038 8.941876940661007
1617105233792726039 0.4878794986212219 0.6490470858432466 9.1142426419154
1617105233859445810 -0.4335147687691987 0.05107421080745608 9.969081502831404
1617105233926059961 -0.8405801199558407 -0.5165876251689794 11.29886718265047
1617105233993311405 0.30026194065824424 1.0100333517121691 11.535270492154067
1617105234026001453 -1.1706212759075867 -0.4721486625751595 9.771141882663459
1617105234092934131 -1.6316077204244983 0.34459867000448324 10.876360243062988
1617105234159282207 0.9162174409265512 0.8511104593631661 11.3161920491455
1617105234192696571 -0.857194255201337 -0.6716536947545337 10.067376306206757
1617105234259419918 0.9927977919578552 1.2288006544113173 10.87010669708252
1617105234326038360 -0.051095092258357386 -0.09013811223342486 10.32840471903756
1617105234359382867 -0.9984069559619166 -0.5485869137403026 10.9913573121113
1617105234459371566 -0.3599124725121266 0.1997161928842368 11.633446413496044
1617105234526072263 0.7288972277442317 -0.7621565987393678 10.419672817858281
1617105234625952005 0.24565597378695012 -1.0505236488671943 10.005930160851642
1617105234659407854 0.5164111912475206 0.7748459455876303 11.174011899235534
1617105234726073741 -0.4253977253213735 0.11090143117113781 11.379024555778761
1617105234759373664 1.092100188280196 -0.5216705770132762 9.846576399669303
1617105234859287977 0.45882869636942875 1.3217135867662255 11.183385677076322
1617105234892620563 0.7486434066642891 0.8741616030176415 10.845385226182838
1617105234926059007 0.25668560439564336 0.6660661939330308 9.558511421045589
1617105234992846488 0.2252384999943024 0.4756405651629024 10.758249896055348
1617105235059806823 0.9730842656008681 -0.8192844389218678 10.423934455453352
1617105235126078605 1.2983370580479792 1.2757298453853851 10.696103549890283
1617105235159369945 1.0161338428117517 1.2657269437454621 10.572654659513097
1617105235259320497 0.9787115843110213 -0.7556131993560824 10.571758334843894
1617105235292970657 -0.6917283427034253 -0.4388536755142958 9.809875234014068
1617105235326015233 1.777703963005104 0.23401834996823442 9.812488406725487
1617105235392678499 0.132343483792833 -0.0777428439670228 10.745865100445117
1617105235459353446 0.17193836256093267 0.07616496133875662 10.559501707524454
1617105235525915384 0.48624765192453046 0.1917840737018821 9.073315522585114
1617105235592631816 0.7327277748664224 0.042439585069308186 8.585554103786297
1617105235625990152 0.614590827023663 0.5338429920164054 8.505262925270669
1617105235692671298 1.0151856276998277 0.09332034623112673 8.90703859075001
1617105235759428977 0.5835182696333262 0.3127711001630242 8.80184676766681
1617105235825978517 0.5190042563603938 -0.06903795169075554 9.047315674562595
1617105235859338521 0.5362028128857241 0.29206518846567003 9.054807149183842
1617105235959623575 0.660459578037262 -0.025971498340367147 9.165583610534668
1617105235992712259 0.12082139177463999 -0.06951811407398947 8.75898206631041
1617105236026233673 0.7764560646217169 0.6511482633857901 9.174711858772977
1617105236092770576 0.05016834572526287 0.3292673904688375 9.693249922714273
1617105236159372568 0.05946370363828005 0.8119187191079545 9.494672375785433
1617105236226002693 1.4345096770886945 0.03465926814629214 10.541621728927437
1617105236259290456 -0.6469279413670296 -0.27489057326073213 9.744475379619665
1617105236359327554 0.7232520580291748 -0.1307329088449465 10.639019966125488
1617105236393081426 -0.4865533832692557 -0.5129236244305609 9.732297275799315
1617105236425957918 1.3833817351154911 0.6944147148468037 10.203522297229679
1617105236492742300 0.8737831021361414 0.547986828861086 9.905630147242558
1617105236559348583 0.23858209393600202 0.44810556564223153 10.23098861580072
1617105236625936031 -0.08495624049359067 0.24095617520188878 9.153098990505585
1617105236692717313 0.28927120572045717 -0.23386760476690546 9.915217457438612
1617105236726063728 0.8314329449461053 0.35237711169882585 9.155870574347333
1617105236792620182 0.559724859008609 0.07782055461767674 10.075920272568897
1617105236826046466 0.6811785149427578 0.5370354523238496 9.69344833977952
1617105236926125049 0.02191288823392607 -0.24597990288365468 9.286917498168851
1617105236959413051 0.24156909409302119 -0.03941835472319803 9.08486244393349
1617105236992717504 0.3234392769435776 -0.011004027173687675 9.457687401726274
1617105237059411525 0.33677350929784683 0.18600148119210197 8.514847734034596
1617105237126060485 0.24533213818560098 -0.05826273479609928 8.640175537550798
1617105237193334341 -0.032775674455833737 -0.36305512362022924 9.176227190076347
1617105237259278535 0.33060146762695386 -0.08206112168661645 8.875608912868914
1617105237292811870 -0.18442112107610933 -0.7996119022118395 8.626578764344776
1617105237359215259 0.37114587860468656 -0.23322951141031092 9.133254519450723
1617105237426049947 0.0969324354104476 0.29981772346202723 9.608917649517204
1617105237492662668 0.4688306472798559 -0.3418508845405262 10.257330253198148
1617105237526031255 0.22650536908853222 0.36219971965321285 9.73136422994776
1617105237592775821 -0.713002188707296 -0.5068217197566366 9.160274010344356
1617105237659836769 0.7866090929222829 0.23145320866018146 9.873439934882528
1617105237726249933 0.38368801887889564 0.6266039087563269 10.109456777556245
1617105237793065071 0.5537846168250716 0.3027462750205645 10.603391687775286
1617105237826054096 1.1257943407218363 -0.5206804317947075 12.197427100990595
1617105237892741441 0.6059820892294708 -0.11455907064062114 11.436170606309277
1617105237959278106 2.528015281151844 0.7458801877076767 12.529247727276937
1617105237992663621 0.9669566225207602 -0.5568474058153955 11.22233544998702
1617105238059454679 -1.4346011085026145 -0.2678998932087113 12.111790648714395
1617105238092817068 2.1980243016391587 0.2897507579772084 11.884926004065754
1617105238659589052 0.10023218037555598 0.05793621514046196 7.972334359933313
1617105238725993156 0.4782880463774186 0.15916434179961006 9.252823774071485
1617105238792780876 0.5481699025292099 0.369455341216458 8.503912094291833
1617105238826094627 0.37815000034087354 0.36965457980049365 9.146726341524133
1617105238892819166 0.40189766296929025 -0.03601189300922358 10.438255070903473
1617105238959372282 0.5087142901079578 0.13318268142255454 10.343455808042567
1617105238992670297 0.23628683697855718 -0.0006833727866958073 10.843303180164531
1617105239059390068 0.7237661529640874 -0.5044983446581284 9.541329925317907
1617105239126043081 -0.22190409356545196 0.4194907702026779 10.933540804061188
1617105239193283319 0.3854404284594986 0.5176319230367284 10.359646792027421
1617105239226046562 0.16337368455457024 0.6463739027445254 12.725558555526217
1617105239326036453 -0.38242533944082485 -0.5895348645595029 10.395866953210575
1617105239359394788 0.1455623289747346 2.1611339519500024 11.674754193514307
1617105239392783164 0.5272324119010097 1.9346162892540852 11.815582016586871
1617105239492703914 0.06247089449481411 1.407698842097053 11.823547535972645
1617105239526069164 -0.8571750802921255 0.33910243357134884 11.704685191861907
1617105239592723608 1.9780748614253099 1.7502844111868998 10.748539543134475
1617105239659395694 0.7508376233208408 0.4067478239790105 9.907201290769606
1617105239692739486 0.9734202369830591 1.104579385797308 10.34046508457778
1617105239759952545 1.8122747455380075 0.46426055494884616 10.829771235230544
1617105239826038360 1.0654326235191351 1.3056140766844946 9.81217274019027
1617105239892657041 -0.24296185512984597 -0.35150286377088613 9.111763277849688
1617105239925998449 0.31583718702422436 0.2958895609529553 10.201145543929716
1617105239992605447 -0.3095521178334249 -0.6523813756146368 10.102412402961477
1617105240026102066 0.371230070505037 0.6903484289970202 10.198980331567308
1617105240092854976 0.5100337436806339 0.07212647334420745 10.44641337634066
1617105240159375905 -0.3124796643590169 -0.16107958815863285 9.527353319808205
1617105240226109743 0.3812934723661077 -0.1305067442539545 9.083279219044144
1617105240259263992 -0.019694119919024967 0.2053646881861318 10.085931110317944
1617105240326033592 0.04080213652861817 -0.02799286838803805 9.053215180094718
1617105240392672061 -0.01988223016012422 -0.7473495895142291 8.17371233697186
1617105240459295749 0.11633531491238754 -0.5878924914267868 8.550650980476373
1617105240492688894 0.002840153986863569 -0.18800584437913564 8.345886361334895
1617105240559330224 -0.09359593223972994 -0.3407886628421398 8.073556408951124
1617105240625942945 0.39224959458662256 -0.3128375134495915 9.297589652191096
1617105240692775249 -0.29367688619211524 -0.2897825839246278 8.39294548945683
1617105240726068258 0.32526564794506685 -0.6194292716824579 8.43060410794842
1617105240825964450 -0.055548828223390946 -0.3976628327884646 9.173447801510534
1617105240859241962 0.049860280831659456 0.22444391028634753 9.212927666743898
1617105240892704010 -0.5772362366416934 -0.7144473613921509 9.864367384351574
1617105240959418535 0.35868367412354213 -0.3626851293498868 9.673116604794709
1617105241026077032 -0.3407888089181418 -1.215987034899143 9.99755013988144
1617105241092751026 0.5884514572654411 -0.16183529805587732 9.687972397060616
1617105241126061201 -0.08774150323527363 -1.664370743025182 10.273326962803964
1617105241192789554 0.25714525751160877 0.06700575956366492 9.617183284202117
1617105241259618282 -0.5941327676184669 -1.0522126166761103 10.18640569146525
1617105241326059341 0.4815869039343816 -0.5228896275844768 10.655639684611982
1617105241359925031 0.5346106226724918 -0.9361781244978107 10.262455638837393
1617105241425967216 -0.7621584397299215 -0.17007091261879537 11.162497448917145
1617105241492738485 -1.3931472621072736 -1.2324709110535195 9.755727264487529
1617105241559382677 1.4884782929510358 1.776777963630352 11.016782768191508
1617105241592762947 1.2447795816035188 -1.565967166969472 10.878699498415612
1617105241659371614 0.2877578169152739 1.728210533168561 11.028071380510838
1617105241693440198 -0.8612720847317881 0.30793210657340353 10.422144953745383
1617105241792994976 2.081730020604961 1.3173143479743974 10.60492186976888
1617105241859359979 0.3598228514564115 0.21331470722065288 9.65040026649237
1617105241925883293 0.6118514080357558 0.46568346364670876 8.155340857650591
1617105241992720127 0.20937839557043034 0.2243708145641527 8.07003145052591
1617105242026041269 0.4359163192085971 -0.018003231819992294 8.657817323628707
1617105242092684745 0.4441903853127197 0.5298653352413483 8.557848233909542
1617105242159416913 -0.12099157828370853 0.1759946253871844 8.808787244492537
1617105242193202257 0.24757391970735437 0.08786079028827588 8.518272223990149
1617105242259351730 0.5162899584591133 0.42603483037610856 8.704105481841083
1617105242326002359 0.18649066058596458 0.7584755635789608 9.91595648840909
1617105242359338045 0.1946198771042388 -0.09415116486669992 10.27318564996968
1617105242426081895 1.1953987044526821 0.4459684788706641 10.952510835895254
1617105242492630243 0.5613493093421921 0.31521271738168716 11.38286976874779
1617105242559495925 -0.20487674491700567 1.4311100066015698 10.363923596685824
1617105242592981815 0.9554906533465432 -0.04651704688956533 11.233088351198175
1617105242659290552 0.4665374959835068 0.8080382408658732 10.172706076458455
1617105242726038694 -0.7231322622120766 0.1308180202586942 10.768850760075564
1617105242792764425 0.1351347521705665 0.18055519992851898 10.9333723525607
1617105242859270095 0.9142943804403602 0.3675150287359593 10.098106963043533
1617105242892689943 -0.49264685167513605 0.045757732169866824 11.02280052879194
1617105242959386110 1.3964794546740387 0.14522778452727503 10.266809928260892
1617105242992663383 1.3339221744862184 0.40108818277246056 10.089743610920806
1617105243092596054 0.5330533419364916 0.08972952238659467 9.088096046526935
1617105243125982761 0.24127075850055069 0.3345378127177589 8.985545075311807
1617105243159306764 0.4159178464045705 0.1642305693250004 9.131613395355128
1617105243259392261 0.2676946313455311 0.21850079513452916 8.422416855071688
1617105243292831897 0.3312990367412567 0.23017171025276292 8.783443450927734
1617105243393153429 -0.009240638510040818 -0.3949994893021813 8.67909289052415
1617105243459161520 -0.014066602818016631 -0.20506056023397237 9.366752062420588
1617105243526020288 0.09146622746642433 -0.5482514125540493 10.458043628177768
1617105243592596530 -0.26912022664395435 -1.135128723215495 9.467322863735117
1617105243626020431 1.551208764060657 0.8019056176061485 11.331171927337065
1617105243726165056 -0.7202119212896531 -0.7240760581817718 9.589932796715944
1617105243759280920 -1.1585666166376634 -1.7541548024525482 10.894948537639134
1617105243826026678 -0.2275639326002937 -0.6503460216747392 9.436884542306272
1617105243859362363 -0.8364746033036341 -0.6423368496402304 9.956087106013701
1617105243925920009 0.041078812761231584 -0.15733036318268984 9.94974968400872
1617105243993164062 -0.2863630968040432 0.4451007229447836 10.258019047515964
1617105244026049613 0.5878757132478802 -0.9614969195572007 10.812493243918516
1617105244126000165 -0.4314878944381197 -0.6377651157072889 8.978210874103691
1617105244159317731 0.004170582479063373 -0.5624861373886627 7.933916210848031
1617105244226249694 -0.3990671287310752 -0.8581741756472495 8.747995305864107
1617105244259309291 0.3739320368018854 -0.4510716930439256 8.186632080121871
1617105244326008796 0.23065959112431367 -0.19912093890981508 8.93271650168588
1617105244392726898 0.5163105065632952 0.1998918557782898 9.070043006544287
1617105244426001310 0.11385714253432308 -0.4955630989149961 8.604486775792408
1617105244493484973 1.6950615106821887 0.4857742971428163 10.20296031112654
1617105244592774391 0.7029814300420192 0.4083974514837178 9.98040387237215
1617105244626013278 0.5503977253784813 0.313163089190213 10.85466633603691
1617105244693231344 -1.0167962488785238 -0.5416813530939039 9.67994529909131
1617105244759390830 -0.6985446791588134 -0.4621785227071684 11.11374579564071
1617105244793203353 0.31632628117579026 0.35108680297294953 10.66876208817583
1617105244859066963 -0.29858601510494354 0.6721008627646367 11.341290405227108
1617105244926062107 1.8451286982305237 1.829069362253582 11.402516116231084
1617105244959424972 0.2927561634419434 -1.8037230607131733 10.937290331663187
1617105245026024818 1.375292034267958 0.5328006004323323 9.933387087397085
1617105245092677354 1.0735787176995641 1.008971305190515 11.900188199761233
1617105245159253597 2.119656630801648 1.794739261783407 11.86574040785354
1617105245193026542 0.8749120399325395 2.3239123808161124 10.239909343588758
1617105245259712219 2.3816479169218967 0.4191410963165199 10.690441095098269
1617105245326035261 -0.2745426758184225 -0.7766583163691698 11.614252758029549
1617105245359354734 0.6271648545105377 1.487923008483586 10.538163658726322
1617105245426013469 1.2681058180496367 0.8697775542060828 12.089244811402443
1617105245459372520 0.5347454509685867 1.1143955458081694 11.97345017387152
1617105245559793472 0.8752622120000887 0.6888317711678937 9.79976616345294
1617105245593112468 0.3256401428594179 0.37609447207835645 8.956728046430758
1617105245659455537 -0.21109517709699246 0.10705671043347983 8.220125147606435
1617105245726024866 0.235586773166918 0.299267664124721 9.111974267469384
1617105245759965658 -0.07315658275466844 0.344167891025275 8.526763692307306
1617105245826026916 0.016177326525531534 0.6272623350232098 9.03694603263579
1617105245892688751 0.4444370551349449 0.3652196017322951 9.362669433467657
1617105245959896326 1.198582263532677 0.9338928170128513 8.77560329349255
1617105245992696285 -0.13333903465147448 0.1919082875648821 8.629160389038507
1617105246059320211 0.2485260118269879 0.38847367554265977 9.566156693879313
1617105246125942230 0.06426655584160165 0.2846616120095224 9.01777400998488
1617105246192687273 -0.5567416134944468 0.4011604052271138 8.473363846753855
1617105246259351968 0.2058140357743526 0.30013643222334657 9.145866601456015
1617105246293226957 -0.4803743691113769 -0.12064947165763495 8.068989954017754
1617105246392609596 -0.5671927597472335 0.17040798007460595 7.894018772814328
1617105246459215402 -0.1657578960729835 -0.11635480037233253 8.856885550545282
1617105246559355974 -0.35907339868705335 -0.24973435055123003 8.794462778512967
1617105246593214035 -1.3104989396115778 -0.39001634603466134 9.78808556041306
1617105246625964879 1.3598761786209679 -0.056664064041056034 10.889047100969966
1617105246726015806 -0.34121474803933977 0.04302210332016827 11.857444000524502
1617105246759375572 0.8451979044409509 -0.5203408049670204 10.82023050953702
1617105246826078891 1.7253765805142711 0.2357519988825479 12.079912391099436
1617105246892693281 0.666956111912128 -0.1627240461296281 12.577446398783918
1617105246926174640 0.4774976863146588 1.158280581092746 11.643426317130142
1617105246992706298 -0.2037232888176233 0.24085669181172575 11.36601486769151
1617105247059359073 1.3525372313471884 0.717504359401909 10.696958806992539
1617105247125957965 0.8860254959519676 1.2245438236260684 11.20584153111436
1617105247192602157 -1.2385211286330404 -0.2843862188942913 9.583787963690636
1617105247226018190 0.29815926653160674 0.42654657160435483 9.487894931280266
1617105247292705297 -0.7115150934886355 -1.3908263144555217 10.394019324334401
1617105247359407424 -1.1664740382381231 -0.965582670729054 9.171531594718566
1617105247492630004 -0.03505914050254849 0.036862209661054565 9.377709918608065
1617105247526092529 0.6543450308370229 0.17594190795702108 9.25305409166175
1617105247626062870 0.6953210344097855 -0.4533723182421652 9.132244516650884
1617105247659317493 -0.09119711816310883 -0.5817927122116077 9.676819801330566
1617105247726138830 0.8366043416607745 -0.39366724061736613 8.890749852727321
1617105247759349107 0.913479401561882 -0.24141847441349848 10.2143065963981
1617105247859290122 0.5483810135822704 0.3275715982062749 8.738603382373537
1617105247892981529 0.01816166892102007 0.4733142679445911 9.850090927139819
1617105247959323406 0.44757225109747695 -1.045819279309376 10.561080691139171
1617105247992628812 2.0172857936135915 0.43915756554084145 10.20474588074822
1617105248059397935 1.7525876583055562 0.1657757413372028 10.072640787096438
1617105248126033306 0.37851870464438353 0.5473542464536253 9.445067777438224
1617105248192755222 1.6242853187799688 0.338773912580809 10.00492171199956
1617105248259340524 1.0808913557021271 -0.062017440645102756 10.040027216530001
1617105248292762994 0.15870413388474233 0.23432579401831363 9.511542258983855
1617105248359655857 1.4049174095770987 0.19213877433724702 8.940950811904957
1617105248426113367 -0.1297619516234569 -0.1168874358290514 9.129636663177166
1617105248459350824 0.6367250174863849 0.5877092889606357 9.111259873683641
1617105248559354305 0.5831941817935336 -0.1395115550057167 10.047383095851727
1617105248592685937 0.4036827048953052 -0.4224751217583411 9.406899747462132
1617105248626043558 0.5612421535078154 0.8070565660113752 9.336619677588184
1617105248692780971 0.3165891280548454 0.4715771039351255 9.357278368557246
1617105248759426355 0.7112530828951064 0.653782841353625 9.723038662052039
1617105248826067447 0.5100397357568621 0.4231401977112394 9.353755997432469
1617105248893405914 0.21233563413692724 0.22702494993304054 9.25692493692175
1617105248959558963 0.7202388786538086 -0.1988544353318904 10.138128739927138
1617105248992706537 0.46931873423595905 0.6018584389264645 8.949162994772061
1617105249059776306 0.40002392868954345 -0.1072298747357491 9.869315556290731
1617105249092740297 1.935050934689888 1.2410458081067182 10.251403977689268
1617105249159472942 0.6369016193379555 1.4382702529885603 11.073795908816857
1617105249226718187 -1.0950997870093113 -0.8317805922578575 9.97377648946224
1617105249292583942 0.7879623438976943 0.7212165618251747 11.121520289690597
1617105249326022386 0.7647418377030151 0.8410717212192181 10.585444419341973
1617105249359675645 0.26114079528826206 0.9220291667250974 10.847446942106357
1617105249425973176 -0.3748267530456145 -1.0586817921938914 10.352123665314709
1617105249492743492 0.24540416066876997 0.6007717419600619 10.84715219604763
1617105249559293031 0.06978958926712604 1.3118801012052768 11.317472692748598
1617105249626343011 -0.16897950309315907 -0.5186958189050328 9.403543975690628
1617105249692722797 -0.8433634712794017 0.9030626291584345 10.70011242493884
1617105249726026058 0.5479666734831383 -0.17019208007057082 10.34672440813673
1617105249792980670 -1.442254442726807 -1.120790752055053 10.27720898744287
1617105249892677307 -0.10864834160111783 0.7831887307704344 11.319558329618873
1617105249959451913 0.8509023760245363 0.9546954189493694 10.336653419400614
1617105250026125907 0.04738094296957816 0.7049651548096025 9.304080043303324
1617105250092712879 -0.10540345043293718 -0.12564932292918535 9.289143784139828
1617105250159417152 -0.10932071818193334 -0.1467603954169588 8.363638029473746
1617105250226024866 -0.2383181483793365 0.06703044343741928 9.016113233396323
1617105250259908676 0.30118394910188456 0.47246693647507915 9.750557151671062
1617105250326078176 -0.45270593742984483 0.0953908689884759 8.614074794684623
1617105250392684698 0.3083803624546078 -0.16237409914552203 9.804447193933424
1617105250459843873 0.4299917911749504 0.7423110946753868 10.186507925260102
1617105250492630004 -0.28420284484877906 -0.6498319283504997 8.865319331610982
1617105250592905282 -0.6254442723550206 -0.0044697785672039025 9.567438493611803
1617105250626103639 1.3191643201860364 0.26229473487030225 10.56945188863859
1617105250725935935 0.24815065695294736 -0.15794375900030244 11.043252873618497
1617105250759623527 0.23153514504208436 0.6606658886416865 10.872200790844182
1617105250826090335 -0.438948378027574 -0.34373912083275315 9.756218019459197
1617105250859331607 1.0117586224770971 0.208810863128138 9.889813480998418
1617105250959271192 -0.5765594822813213 -0.5604152707826249 9.271731620868032
1617105250992667436 -0.7157103951588685 -0.8944824454966763 9.405235452496337
1617105251059369564 -0.07905707651695443 -0.24198621483871124 10.303400868364232
1617105251126010417 0.37054500701186943 0.16208028850397746 9.917029166067021
1617105251159400939 0.13786027827275782 -0.1300144758061917 9.402125089981169
1617105251259362220 -0.2925989780830576 0.10806517913254363 10.085526387729033
1617105251292635440 -0.020100315900299856 0.3398038426620559 9.453947363074146
1617105251326003551 0.49640783481949824 0.8048728085796507 10.183656160444182
1617105251392723560 -0.4321383215721829 0.014635001216585994 9.937355829679031
1617105251459388971 0.6552644971113604 0.977294402569347 10.421011921355056
1617105251526083946 -0.9531385798079446 -0.6266884309285187 9.343505936284192
1617105251559527158 1.2438315559315833 0.18048055473727295 9.876669069072081
1617105251659318685 1.39912290667255 -0.20590671987906026 10.785963983432183
1617105251692611694 -0.22661758959293365 -0.5309078693389881 8.798246383666992
1617105251792678833 -0.5683703112942203 -0.5260076140704766 8.42639873477328
1617105251892649888 -0.9844687574587051 -0.5832891564793825 9.086296802709514
1617105251925969123 -0.1669871761884179 -0.8461544289784338 9.922720879650091
1617105251992716550 1.501304919110815 0.43471970466218907 9.265421804955267
1617105252059352636 2.2031995627643273 2.5457073409454747 9.441565346560273
1617105252126092195 0.9989176687289432 -0.5506361145789053 9.652212246698085
1617105252159555912 1.8757222890853882 0.555665731430055 10.876226425170898
1617105252226022720 1.0744179390052375 -0.5710846864503554 10.316137858459872
1617105252292766094 0.02746608853340149 0.2438667714595807 10.01855182647705
1617105252359876632 0.1730096918185045 0.01893404763466246 9.649632023092819
1617105252392647266 1.2846437753460154 0.7120258151438187 10.248409993425232
1617105252460294246 -0.6843267664928672 0.07607795015547182 9.756891579757903
1617105252526185989 1.065879754957595 -0.8062617782138166 10.762070161875556
1617105252592697143 -0.25876249063872236 -0.19539535549461942 10.428288853706466
1617105252626036643 1.4614626102634807 0.5268632720235307 10.404553232665377
1617105252692799329 0.2515428807193343 0.20689583595272143 9.938103033567172
1617105252759336233 1.8256618429981306 0.9705927836633198 10.100098573500425
1617105252826354980 0.5819923518720355 0.45055915813449204 9.807757591186476
1617105252859363555 0.06253152228080014 0.03516565842668546 10.330442716385264
1617105252959105014 0.25603619516855236 -0.31710067847140794 9.80494287511619
1617105252992920398 0.7313685088853542 0.8077907182594019 10.609365333335443
1617105253059810876 0.4563877545463209 0.4984582740208684 9.936515401208387
1617105253093026638 0.3835079256833255 0.5352293753447583 9.580377726171317
1617105253192765474 0.8875400356948951 0.5881290634050151 10.344174776774366
1617105253226028680 -0.3580448388510722 -0.5431920890170979 8.702415730261537
1617105253259457111 0.26771008753756237 0.08724584541343891 10.190593919515424
1617105253359861612 -0.251445664192235 0.24680897876792784 8.701837526706313
1617105253392630815 0.5402661548923527 0.2731072724234861 10.651711534086113
1617105253459345817 0.5380260513373882 0.15934980905843615 9.746092409901983
1617105253492839574 -0.2462359138043875 -0.3292335423778098 9.609254285712137
1617105253559413433 -0.6203459930845473 -0.7565965288310513 9.133749456287426
1617105253626008987 -2.543678181779611 -1.076914593334793 8.751444337302768
1617105253692723989 -0.43472468552592625 -0.19595377592133387 8.70897527693931
1617105253759374618 0.6720609742874073 0.5524806985059113 10.756815797964112
1617105253792680740 -0.5189677816418932 -0.5477249468373334 9.207937246408328
1617105253859780788 -0.2040937190003711 -0.8947168637287607 9.220047002667485
1617105253926196575 0.36519176419008625 -0.11981569364764641 9.629871898297518
1617105253992686510 0.613084043102063 0.09735147956448773 9.875323372517807
1617105254059484243 0.024336284976339526 -0.5543093336286172 8.286034221308096
1617105254092769622 -0.14233690510071417 -0.3447939370554295 10.08499789656368
1617105254159346580 -0.6072972961948492 -0.11208712027083806 9.051651884730648
1617105254259284257 -1.15985180344957 -1.2896758143693416 10.072347287500238
1617105254293081283 -0.27378279946493783 -0.8736541987687871 9.529745968456792
1617105254326061725 0.27245150449098526 -0.1219177918277865 11.04779975581995
1617105254392774343 1.0279978382615444 0.4109481364092839 9.885202095979261
1617105254459281206 0.3370202658395509 -0.48018410731856936 9.873431844635299
1617105254492630481 0.3336439998086048 -0.8190123230434184 9.968022606240782
1617105254593019247 0.3081699013710022 -0.584842264652251 10.333184242248535
1617105254625959396 0.24258253087936288 -0.4277352487591215 10.10615267639359
1617105254692677736 1.6343010538561378 0.10619514967192151 10.090469469454352
1617105254759226799 0.22570291653907626 -0.5047741774019926 10.297908310151627
1617105254826175928 -0.29912795760234334 -0.47956072083335616 10.66801616320033
1617105254892585754 0.43686358344298915 0.32146538670364755 9.459912880785165
1617105254926020622 -0.9053192928131396 -0.5875623034410588 10.785371019410768
1617105254993168830 0.24467090783437648 0.24318312910210615 10.398279142599945
1617105255059635877 0.021520655639554943 -0.9624221167484833 11.01823112089555
1617105255126043081 0.7101487575741096 -0.7027864288202154 11.75668987639088
1617105255159353971 1.1714141068261263 -1.796328074493745 11.050305405892804
1617105255259486675 0.998263907152905 1.0495934137041676 9.98332491948709
1617105255292937517 0.5900042553572692 0.07079272269367898 10.469075328915178
1617105255326018095 1.0334735571564186 0.34907284867283206 10.90380115786554
1617105255393059015 0.18503327667713165 -0.5656147599220264 10.291770935058594
1617105255459708929 1.4646784047271837 0.2725081757444794 11.872271121620559
1617105255525849819 0.41042692575928036 -1.2401461481095093 11.13242415858294
1617105255593194961 1.1768975758822555 -0.876804184152311 10.838540330773528
1617105255626025676 0.09592784143861736 1.2504039933312694 10.188195495568351
1617105255692291021 1.299343228340149 0.7176017165184034 10.591845512390137
1617105255759358882 0.30552880680258826 0.5369566780926767 9.946430000540932
1617105255793307304 0.3261452913284302 0.31781849265098683 9.2283353805542
1617105255859320878 0.3581607285420397 0.155526469837101 9.28220062644787
1617105255959292173 0.7782287113824616 0.7648266466907455 10.555673502579886
1617105255992903232 0.656340863240365 0.22603066929947147 10.37029736951671
1617105256060252189 1.053092345352262 0.7441655760629081 10.817405160310122
1617105256126097202 -0.35113126591642824 0.49892524828089657 9.57662789918708
1617105256159228086 0.1968043324126121 0.9073550461603446 10.934197843888867
1617105256225883245 0.15157990266947682 1.09377367624583 9.983877618170416
1617105256292621374 -0.22723394326684832 0.5865982027706566 10.98703831149098
1617105256359770059 0.5145049918438598 0.25703800290824835 10.3829952478749
1617105256392703056 1.0047218103224806 1.0849248615566116 10.633761447251064
1617105256459345340 0.006492541716435686 0.5570849233706658 10.559046056907032
1617105256526065587 0.35537715859210073 0.541072589595087 10.394298017116343
1617105256592312574 0.6315904551421953 0.5693966864494006 9.927205411899411
1617105256626042366 0.05733441238541642 -0.016990564251069533 8.488598648828075
1617105256693309783 -0.2509481711456197 -0.028214035980014922 7.360784863419988
1617105256759361267 0.09603921142669082 -0.07069687086432216 8.206700408809505
1617105256792694330 0.3862901591820063 -0.16607524799132634 8.451728157818525
1617105256859286069 0.46820767545619435 0.3617542911412898 8.181457940055019
1617105256926023006 0.25299087489940164 0.11289912334846502 8.7536269754072
1617105256993163347 0.1669114565439603 0.19493414952763147 8.432180604914418
1617105257059899806 0.10128216245874322 -0.2753348046508453 8.427738559243728
1617105257126023769 0.45851848953646496 0.22690981407651112 8.814651528572748
1617105257159440755 -0.007334848696765286 -0.1488278493748754 8.62581213354865
1617105257226050138 0.07262456045761528 -0.12806401762461425 8.55315109338579
1617105257293195724 -0.052486717793825875 -0.10488497022868844 8.56630943338293
1617105257359357357 0.15393603200675876 -0.3729712732507453 9.395035709720181
1617105257425966501 0.2539684134111567 -0.3074357806512341 8.893613301048356
1617105257459074735 -0.17784063162418076 0.1303726421173774 8.789933809879248
1617105257559127807 0.6860832059857719 -0.2710581901382433 9.627145249563476
1617105257592802047 -0.23201648260238156 -0.6592493638594131 9.313840941716734
1617105257626022815 -0.03343250425924558 -0.7512586033242196 9.383976187160288
1617105257692662239 -0.11053544997993545 -1.1185160757425678 9.412039438208222
1617105257759329319 -0.29035772326230325 -0.30093400861029446 10.106176599792978
1617105257826016187 -0.10100560849872334 0.7176590994408726 9.487375543190254
1617105257892696380 -0.3595706602230037 0.40311536547354226 10.091636273299056
1617105257959337711 0.9723686566982083 0.42388329968805233 11.432294070618154
1617105258026034593 0.01059426033068283 0.6509145179361203 10.908638178517519
1617105258092969417 -1.0194077491760254 -0.5258278250694262 10.65150260925293
1617105258126023769 1.488994001290699 -0.10195328792249023 10.776262009180687
1617105258192730903 -0.30236119818564483 -0.10426883973156609 10.666164157805401
1617105258259325504 0.4609216418520368 0.5857673404955934 11.753778070848128
1617105258325975656 0.6010360162108329 0.6578052470571848 10.54170805347075
1617105258392632246 0.2215858848558378 -0.15435879193757088 10.326385580297197
1617105258426096677 0.5975173221319741 0.23016761217472623 11.181096451607639
1617105258492740392 0.8998595929265513 0.4736177349221853 11.489311229841197
1617105258559346914 -0.9623997966101595 0.37951355623790234 10.406776162834149
1617105258592685222 1.88482828568572 0.7074750231700419 11.103283493299115
1617105259159345865 0.6095091577846566 0.6100763240821251 9.557976972577674
1617105259193340301 1.1738148927688599 1.353189826011659 10.299520492553711
1617105259259369373 0.6186244175888899 0.619047970255133 11.19951452322405
1617105259326081991 0.6218315594311112 0.6153646262309123 9.908514250661309
1617105259393194675 1.2272449731826782 0.4027005732059492 10.779044151306152
1617105259459352970 -0.12239878308873527 -0.6357612109805247 10.773344025477297
1617105259492921113 -0.34843724394034614 -0.06016372110416602 9.180052985686736
1617105259592760801 -0.8310386613418371 0.16314505557619374 10.034950643424931
1617105259625949382 -0.029063160458813894 -0.2607573875455759 10.440899394918937
1617105259726033449 -0.047234439672109066 0.6956671005135805 8.731030954693962
1617105259759406805 0.19576991041544564 -0.4484747368485322 8.757151047228412
1617105259792740583 -0.5435771152510495 -0.2648765547861115 7.533267094387488
1617105259892680883 0.009802153334021568 0.2377108484506617 8.161033630371094
1617105259925985813 0.2614375174062976 -0.06317266249284217 8.510771745126563
1617105259992626190 -0.3627246373766037 0.2602600766205395 7.684078774930927
1617105260059284448 -0.02859328179368221 0.020948958317565814 8.621413705017368
1617105260126032352 -0.010620171985015275 0.12664194888532093 8.644074696537961
1617105260159394502 -0.0656920700772572 0.08700717673265979 8.368984644584359
1617105260259327173 -0.07472333823348402 0.5155158072110844 9.476110823164408
1617105260292658805 -0.05933523722709106 -0.6090483226030078 9.602564705231131
1617105260359370231 -0.9285654611067112 -0.21894263366057165 10.1439564052178
1617105260392677068 0.465424212663432 0.6852141773477503 10.395228407308705
1617105260425910472 -0.36298186297527285 -0.4849126062179322 10.286283066336704
1617105260525930404 1.8670108010009103 0.31545931790509185 11.82738567360203
1617105260559498786 -0.4544291639877041 -0.4215277039771275 9.166957246977052
1617105260659393310 0.10920676954454142 -0.4846233474666557 9.404813416222463
1617105260693218708 0.2828878527172758 -0.11993751997368299 8.965994343250284
1617105260726065635 0.4260236209405785 0.1594033220592066 9.163663526383672
1617105260792743444 0.18033864747220998 -0.1706045184099035 9.200048449293146
1617105260859369993 0.6793579376362637 -0.10899836091860188 9.85658006702176
1617105260926051616 0.23434587096291834 0.07706034927626487 9.610254374040174
1617105260992813587 0.2426237474774062 -0.4174155043527138 10.198965524977945
1617105261026301383 0.5877835780028766 0.4478940381727271 9.693649959466804
1617105261126025199 0.24641696149837253 0.05898836903351049 9.715008666045627
1617105261159369945 0.03446644488704659 -0.5534517948536123 9.619882752376931
1617105261226098537 -0.40324169911152696 -0.786883813343629 9.415363600173379
1617105261292714834 -0.08044475908204823 -0.45379083648830254 10.018245180679134
1617105261326032638 0.577179725737018 -0.26794841343936027 10.542385071464459
1617105261392689466 -0.4563336279133554 0.22207941076293072 10.042502943858416
1617105261459636688 -0.9546110239866626 -1.2421577970680022 9.606536226392826
1617105261526211261 0.34363923162213095 -1.056738437150915 10.165352185264249
1617105261559329748 0.41935982940987504 0.503702243407398 9.847794234252694
1617105261626045465 0.13153758515268218 -0.8600815346104149 10.924321215685184
1617105261726082563 0.17158631228067261 -0.34867560349021415 9.084942095044575
1617105261759545564 0.4588036261485049 0.5869028196982942 10.052422261519753
1617105261792677164 1.7470982901072043 0.4663128735794494 10.48957816395186
1617105261859842061 -0.7537331020617741 -0.46959281769380956 9.674755329340037
1617105261926177978 0.5326614491986261 0.6199400373733348 9.554722307805472
1617105261992716073 -0.3533204614226334 -0.7903230821448344 9.892845602090413
1617105262025957822 1.6833666333009205 0.4248136319422515 10.465378026165386
1617105262092703819 -1.4083463873362672 -0.46377157313040157 7.771439729272421
1617105262159335851 0.3834246519301142 0.23521026892568253 9.404251791467859
1617105262226055145 0.13620584929533036 0.3051762791957335 9.843094906136184
1617105262292866230 0.20981936932761064 -0.6375062987410587 9.9377977995685
1617105262359378337 1.1767783167627939 0.8026415210945003 9.908385223882165
1617105262392650127 0.5846603899289532 -0.21433387282750002 10.05447630661683
1617105262459330558 0.9167982915848534 0.627416512102918 9.811443098942519
1617105262526086568 0.7801854295833446 -0.02375647501631418 9.510168845835336
1617105262559305429 0.1505620110321707 0.26753474689938855 8.809710436440474
1617105262626013517 0.18327547385474038 -0.0739138040141679 8.806080612608644
1617105262692776203 0.20682891922850627 0.13810229737328367 8.895606832953822
1617105262792656183 0.3696667592625875 0.3291236857324931 9.138019577794799
1617105262892566680 0.20919985420077367 0.17157615436863077 10.236221210250445
1617105262925951004 0.44125334140526196 0.6631862656607614 9.864870544062713
1617105263025998353 0.22135656744929924 0.5532114378332559 10.278549478438194
1617105263059397935 0.3084766979692022 1.7056288930575692 11.333138487737447
1617105263125952959 0.6462461241114041 -0.4096865846792605 11.11482616152901
1617105263159257411 0.689326072787396 -0.11334002920264663 10.503322095268157
1617105263259299993 0.46787384963000483 -0.25329888359615205 12.2868714811094
1617105263292723894 0.5946773231139293 0.3427580071283601 10.798677117102846
1617105263359417438 -0.4820605734842656 -0.6741994409553294 12.057201969540715
1617105263426108837 0.06990373430464887 -0.056742716513825904 8.711695425086164
1617105263459608793 0.41569782887510276 -0.22359254586057078 9.375328925323544
1617105263526110649 0.08757355863700104 0.11303518549108711 9.228955786363453
1617105263592603921 0.3604282957524563 0.09790021893367173 10.644155127213315
1617105263659380912 0.9132911038133863 0.6607816693979038 11.534215184265207
1617105263692693710 1.3644890400308423 0.6119253369357679 11.353448619271667
1617105263759363412 -0.7132947640474663 0.21254568207062163 10.144252896576898
1617105263825989007 -0.4189609672835968 -0.726270714986575 9.41768275579881
1617105263892699480 -0.3442319932646353 -0.5419337166336347 9.130690381239758
1617105263926090240 0.18895284057528786 0.37116186498570747 11.155261287840958
1617105263992622375 -0.18530523777008057 0.42346853017807135 10.456936836242676
1617105264059520244 -0.3735540509223938 -1.0171743631362904 9.863526344299316
1617105264092725038 -1.4361850620905359 -0.6834838674370678 9.68400999561282
1617105264159401178 1.0991076739267933 -0.1661021871577261 9.929730732926402
1617105264225950002 1.0548451412279154 0.7047493491100161 10.607839688788175
1617105264259332418 0.2611995936613548 -0.47305540259595014 8.950384705493056
1617105264325942277 0.5446038220743842 0.0646906526164968 9.390358226584988
1617105264392651081 0.2943820313166758 -0.8008764687468622 9.390230723967516
1617105264459324359 -0.08474587847740053 0.14408094198723956 8.422793626503672
1617105264492772579 0.40643619183515906 -0.36354236579861365 8.518289111381824
1617105264559348821 -0.10723397865167399 -0.24746088461319687 8.071602775854458
1617105264626037359 0.08753944945782245 -0.08027750179192461 9.16682851816541
1617105264692687511 -0.022606055209555654 -0.10252783891483142 9.12885895655272
1617105264726044416 0.4913562338165885 -0.12657963567347452 9.869851637603128
1617105264792772054 0.5889962476233213 0.236518431858764 10.280033546959437
1617105264859421968 -0.06859230125175315 -0.6471248354867892 9.101495865607514
1617105264926082372 0.8033038909649004 -0.03986017090147456 10.839076331588217
1617105264992723703 0.09188541508258508 0.2008333264984039 9.848389288852724
1617105265026046752 0.8340136566471306 -0.2622851740361997 11.30412826166702
1617105265092751026 0.26920669374116 -0.17555120064374644 12.268714639832428
1617105265159548997 0.6305094070377817 -0.05662669303151704 9.323682527421695
1617105265226112604 0.8771452431920419 0.21092184518006307 9.424370901521899
1617105265259339809 -0.12154425451466996 0.025192453123420697 8.639912718907324
1617105265326027154 0.6635682665197882 0.35376177785134855 9.784966523389114
1617105265392747879 0.7247674062113255 0.11730179378601055 9.120274908531584
1617105265459557533 0.7122045790884619 0.26330882709924625 9.875030336452859
1617105265525984764 0.5045903065360176 -0.11124018975182766 10.227592557225886
1617105265559378623 0.47381545164187777 0.16730312418613155 10.982706641755259
1617105265625986576 0.41288990145652227 0.7275323540166095 10.514262934572052
1617105265693078279 0.8839056632126648 0.08868651344514551 10.788603948097142
1617105265726076841 -0.7023785433124808 0.9420230759395869 11.239755516036167
1617105265792785406 0.9571295168604909 1.2113073837127368 11.319479739116943
1617105266225969076 -0.028473582203982682 -0.27515378415747094 8.549027703655046
1617105266259353399 -0.12309107514068642 0.2522521835181085 9.12436598600527
1617105266359346866 -0.15459583268154495 0.503902954695958 9.118720606236174
1617105266426036119 0.32465692826330694 0.4698924669274834 9.524741282151645
1617105266526249408 0.04844770588651965 0.3798493354376168 9.504558507452112
1617105266592706918 0.39832072128183205 0.41892883461036357 9.839398598965435
