1617707071677570104 3.57100009918
1617707071711230039 3.6779999733
1617707071777674913 3.63400006294
1617707071810858964 3.63599991798
1617707071910913944 3.51300001144
1617707071977669954 3.49699997902
1617707072077778100 3.48300004005
1617707072110809087 3.40700006485
1617707072177714109 3.49499988556
1617707072211076974 3.45300006866
1617707072310710906 3.40499997139
1617707072344217061 3.41400003433
1617707072377681016 3.44899988174
1617707072477646112 3.45600008965
1617707072510859966 3.40700006485
1617707072544159889 3.375
1617707072611069917 3.35100007057
1617707072677469968 3.39100003242
1617707072711020946 3.33800005913
1617707072810647964 3.34899997711
1617707072844213008 3.34899997711
1617707072910876989 3.32399988174
1617707072977652072 3.33100008965
1617707073010788917 3.26399993896
1617707073077708959 3.28200006485
1617707073110932111 3.29600000381
1617707073177639007 3.28900003433
1617707073277502059 3.27300000191
1617707073344182014 3.31399989128
1617707073411000967 3.38800001144
1617707073477704048 3.42300009727
1617707073510879993 3.44199991226
1617707073610727071 3.58299994469
1617707073644300937 3.58299994469
1617707073711055040 3.64299988747
1617707073779623985 3.79999995232
1617707073844158887 3.76099991798
1617707073877876996 3.87199997902
1617707073944305896 3.96000003815
1617707073977648973 4.04099988937
1617707074044174909 4.09200000763
1617707074077717065 4.13800001144
1617707074144263029 4.27400016785
1617707074210835933 4.3639998436
1617707074277663946 4.40600013733
1617707074310693979 4.50099992752
1617707074410780906 4.69999980927
1617707074444140911 4.69999980927
1617707074477709054 4.66300010681
1617707074544162988 4.73400020599
1617707074610861063 4.8639998436
1617707074677613973 4.86899995804
1617707074710875034 4.87300014496
1617707074810770034 4.9359998703
1617707074910645008 4.99599981308
1617707074944400072 4.96999979019
1617707075010798931 5.02099990845
1617707075044249057 5.02099990845
1617707075110941886 5.04799985886
1617707075177611112 5.00299978256
1617707075244203090 5.00699996948
1617707075277654886 5.01399993896
1617707075377423048 4.96600008011
1617707075444572925 4.92399978638
1617707075544020891 4.80399990082
1617707075610743999 4.65799999237
1617707075710994958 4.5560002327
1617707075744368076 4.44999980927
1617707075777717113 4.33900022507
1617707075844281911 4.23299980164
1617707075910841941 4.50299978256
1617707075977699995 4.46199989319
1617707076010730028 4.367000103
1617707076110688924 3.92000007629
1617707076144419908 3.94400000572
1617707076177576065 3.91799998283
1617707076277616024 3.93000006676
1617707076311220884 3.81399989128
1617707076377712011 3.87599992752
1617707076410818099 3.87400007248
1617707076477632999 3.89700007439
1617707076543984889 3.78900003433
1617707076577699899 3.73300004005
1617707076677681922 3.74499988556
1617707076710946083 3.7009999752
1617707076777604103 3.73300004005
1617707076810697078 3.67499995232
1617707076910839080 3.5569999218
1617707076944278955 3.57100009918
1617707076977634906 3.43499994278
1617707077077677011 3.44899988174
1617707077110908031 3.45600008965
1617707077177815914 3.49699997902
1617707077244041919 3.45600008965
1617707077277625083 3.5039999485
1617707077377515077 3.60599994659
1617707077410813093 3.70300006866
1617707077443948984 3.70300006866
1617707077544266939 3.95499992371
1617707077577662944 4.02199983597
1617707077610744953 4.17700004578
1617707077677571058 4.28100013733
1617707077744091033 4.51499986649
1617707077810759067 4.71400022507
1617707077844307899 4.71400022507
1617707077910867929 4.04300022125
1617707077977565050 4.30399990082
1617707078044248104 4.30700016022
1617707078077567100 4.38999986649
1617707078144315958 4.42700004578
1617707078211024999 4.48000001907
1617707078243963956 4.48000001907
1617707078344063043 4.50600004196
1617707078377672910 4.48500013351
1617707078444341897 4.46400022507
1617707078477626085 4.42000007629
1617707078544195890 4.43800020218
1617707078610860109 4.36199998856
1617707078677628040 4.27199983597
1617707078710525989 4.27199983597
1617707078811069965 4.58199977875
1617707078844027996 4.58199977875
1617707078877605915 5.01000022888
1617707078944209098 4.52400016785
1617707079011025905 4.90100002289
1617707079044424057 4.90100002289
1617707079144263029 4.40600013733
1617707079177719116 4.382999897
1617707079277617931 3.91799998283
1617707079377516031 4.26499986649
1617707079410893917 4.28299999237
1617707079477677106 3.85299992561
1617707079577593088 3.81399989128
1617707079677608013 3.82800006866
1617707079710858106 3.80200004578
1617707079777432918 3.80900001526
1617707079811033964 3.8069999218
1617707079877463102 3.80200004578
1617707080444298982 4.09200000763
1617707080477796077 4.15600013733
1617707080544105052 4.16599988937
1617707080644102096 4.20300006866
1617707080710933923 4.28299999237
1617707080777453899 4.30200004578
1617707080811296939 4.35699987411
1617707080910868883 4.39200019836
1617707080944228887 4.46400022507
1617707081010931968 4.50099992752
1617707081044228076 4.50099992752
1617707081144222021 4.52199983597
1617707081177484035 4.49900007248
1617707081244148015 4.57000017166
1617707081310941934 4.53299999237
1617707081344147920 4.58199977875
1617707081444142103 4.5609998703
1617707081477642059 4.53800010681
1617707081510833024 4.53999996185
1617707081611170053 4.42000007629
1617707081644311904 4.42000007629
1617707081677696943 4.31799983978
1617707081777391910 4.23500013351
1617707081810642957 4.26999998093
1617707081877779960 4.23999977112
1617707081911040067 4.19999980927
1617707082010931968 4.14900016785
1617707082044152021 4.117000103
1617707082077670097 4.12599992752
1617707082177558898 4.00099992752
1617707082211353063 4.3140001297
1617707082277606010 4.28299999237
1617707082310949087 4.1890001297
1617707082377351045 4.44799995422
1617707082477581977 4.28800010681
1617707082544384002 4.15199995041
1617707082644166946 4.05900001526
1617707082677946090 4.02899980545
1617707082744812011 3.96199989319
1617707082777707099 3.93700003624
1617707082844362974 3.867000103
1617707082910717010 3.8069999218
1617707082944158077 3.79500007629
1617707083044205904 3.81599998474
1617707083077647924 3.76999998093
1617707083110896110 3.742000103
1617707083177645921 3.80200004578
1617707083277678966 3.88800001144
1617707083311014890 3.57800006866
1617707083344290018 3.65000009537
1617707083411256074 3.31699991226
1617707083444421052 3.31699991226
1617707083510972023 3.36299991608
1617707083577682018 3.42499995232
1617707083644052982 3.45600008965
1617707083677628993 3.47600007057
1617707083744339942 3.54099988937
1617707083811075925 3.51999998093
1617707083877614974 3.95499992371
1617707083910876035 4.21899986267
1617707083944163084 4.19099998474
1617707084044179916 4.26700019836
1617707084077620983 4.23999977112
1617707084144099950 4.33699989319
1617707084177400112 4.44099998474
1617707084277668952 4.49900007248
1617707084310877084 4.62099981308
1617707084377861976 4.67199993134
1617707084444271087 4.8109998703
1617707084477895975 4.89900016785
1617707084544159889 4.65799999237
1617707084577636957 4.71799993515
1617707084677565097 4.44299983978
1617707084710932970 4.46199989319
1617707084777611017 4.60699987411
1617707084844183921 4.63500022888
1617707084877728939 4.67000007629
1617707084944540023 4.69099998474
1617707085011056900 4.74399995804
1617707085044236898 4.74399995804
1617707085110888004 4.75500011444
1617707085211149930 4.78800010681
1617707085277729034 4.81300020218
1617707085377382040 4.75299978256
1617707085411066055 4.67000007629
1617707085477576017 4.67399978638
1617707085510871887 4.6810002327
1617707085577404975 4.59100008011
1617707085611417055 4.51700019836
1617707085710875034 4.45699977875
1617707085744339942 4.48199987411
1617707085811041116 4.42000007629
1617707085877666950 4.31799983978
1617707085910909891 4.30200004578
1617707086010977029 4.16099977493
1617707086044534921 4.16099977493
1617707086110903024 4.72800016403
1617707086144326925 4.61000013351
1617707086244251966 4.46899986267
1617707086310959100 4.38500022888
1617707086411150932 4.37400007248
1617707086444509983 4.37400007248
1617707086510744094 4.37799978256
1617707086544032096 4.38999986649
1617707086644126892 4.38800001144
1617707086677578926 4.37400007248
1617707086744281053 4.41800022125
1617707086810866117 4.44299983978
1617707086844223022 4.47300004959
1617707086910938024 4.56300020218
1617707086977557897 4.25299978256
1617707087010982036 4.25299978256
1617707087077564954 4.42000007629
1617707087110728025 4.05200004578
1617707087177421092 4.16800022125
1617707087244257926 4.18200016022
1617707087311144113 4.38999986649
1617707087377593040 4.40600013733
1617707087410909891 4.40600013733
1617707087510932922 4.50600004196
1617707087611257076 4.50299978256
1617707087644263982 4.48199987411
1617707087710690975 4.51499986649
1617707087744102001 4.39699983597
1617707087844221115 4.41499996185
1617707087877614974 4.38999986649
1617707087977643013 4.39900016785
1617707088011096000 4.39900016785
1617707088077646970 4.26999998093
1617707088110842943 4.29500007629
1617707088211010932 4.19299983978
1617707088244291067 4.08900022507
1617707088311278104 4.007999897
1617707088344113111 3.94600009918
1617707088410795927 3.93400001526
1617707088477654933 3.79999995232
1617707088544267892 3.74499988556
1617707088610750913 3.72600007057
1617707088644124031 3.62199997902
1617707088710880994 3.43000006676
1617707088777775049 3.25900006294
1617707088810913085 3.25900006294
1617707088877543926 3.22199988365
1617707088977741956 3.33800005913
1617707089044501066 3.27699995041
1617707089144243955 3.11299991608
1617707089277684926 3.01799988747
1617707089311249017 2.94899988174
1617707089377542972 2.9470000267
1617707089410798072 2.9470000267
1617707089477606058 3.02099990845
1617707089544207096 3.03699994087
1617707089610886096 3.08299994469
1617707089644278049 3.21700000763
1617707089744148015 3.39499998093
1617707089778167009 3.5569999218
1617707089844254970 3.63800001144
1617707089877563953 3.71000003815
1617707089944155931 3.32100009918
1617707090044074058 3.46700000763
1617707090110974073 3.54600000381
1617707090210973024 3.71499991417
1617707090244278907 3.73099994659
1617707090277734041 3.74000000954
1617707090377578020 3.93000006676
1617707090410855054 3.93000006676
1617707090444183111 3.97399997711
1617707090510883092 4.13100004196
1617707090577596902 4.12200021744
1617707090644073963 4.19999980927
1617707090677453994 4.24900007248
1617707090777996063 4.27899980545
1617707090810878038 4.27899980545
1617707090844265937 4.37799978256
1617707090944192886 4.44099998474
1617707090977650880 4.45900011063
1617707091010756015 4.45900011063
1617707091077749967 4.55900001526
1617707091144202947 4.6970000267
1617707091210701942 4.65100002289
1617707091277497053 4.72499990463
1617707091311126947 4.79199981689
1617707091410897970 4.72100019455
1617707091444302082 4.83199977875
1617707091477775096 4.77400016785
1617707091544222116 4.78499984741
1617707091610963106 4.76200008392
1617707091710786104 4.6859998703
1617707091744401931 4.68800020218
1617707091811196088 4.72499990463
1617707091844264984 4.63700008392
1617707091944194078 4.42199993134
1617707091977653026 4.47300004959
1617707092044445991 4.41800022125
1617707092110891103 4.367000103
1617707092144247055 4.33699989319
1617707092244281053 4.31599998474
1617707092277616977 4.242000103
1617707092344084978 4.16099977493
1617707092410797119 4.09399986267
1617707092444279909 4.08900022507
1617707092544192075 3.94799995422
1617707092577609062 3.88599991798
1617707092644278049 3.83699989319
1617707092711426019 3.83899998665
1617707092777739048 3.69799995422
1617707092810691118 3.69799995422
1617707092877561092 3.67499995232
1617707092943875074 3.54999995232
1617707092977629899 3.54299998283
1617707093044294118 3.55999994278
1617707093144277095 3.4509999752
1617707093244472980 3.43499994278
1617707093277676105 3.41199994087
1617707093344316959 3.36800003052
1617707093410904884 3.38100004196
1617707093477644920 3.35800004005
1617707093510787010 3.34699988365
1617707093610970020 3.38599991798
1617707093644588947 3.36800003052
1617707093710863113 3.29600000381
1617707093744282960 3.38100004196
1617707093844165086 3.3789999485
1617707093877959012 3.41599988937
1617707093944422006 3.50600004196
1617707093977858066 3.53200006485
1617707094077653884 3.63800001144
1617707094110743999 3.68400001526
1617707094177557945 3.86500000954
1617707094244304895 3.93899989128
1617707094277740955 3.91599988937
1617707094344311952 4.01999998093
1617707094444371938 4.07100009918
1617707094477916002 4.08900022507
1617707094544617891 4.21199989319
1617707094577683925 4.23699998856
1617707094610698938 4.23699998856
1617707094710695981 4.367000103
1617707094744249105 4.40100002289
1617707094843909978 4.44099998474
1617707094910841941 4.48000001907
1617707095010859966 4.54300022125
1617707095044418096 4.53800010681
1617707095110964059 4.57000017166
1617707095144494056 4.54899978638
1617707095244313955 4.49900007248
1617707095277810096 4.51200008392
1617707095344322919 4.45900011063
1617707095377656936 4.50299978256
1617707095444325923 4.43200016022
1617707095510801076 4.39699983597
1617707095577545881 4.30000019073
1617707095611008882 4.30000019073
1617707095710776090 4.27199983597
1617707095744127988 4.19600009918
1617707095810899019 4.12200021744
1617707095877651929 3.992000103
1617707095910888910 3.93000006676
1617707096010828971 3.8599998951
1617707096044373035 3.83899998665
1617707096110974073 3.72600007057
1617707096144463062 3.60100007057
1617707096244077920 4.0110001564
1617707096277658939 3.81200003624
1617707096344075918 3.60599994659
1617707096411011934 3.53900003433
1617707096444088935 3.51099991798
1617707096544106006 3.44400000572
1617707096577883958 3.49300003052
1617707096677680015 3.53200006485
1617707096744329929 3.59400010109
1617707096810908079 3.64700007439
1617707096877974987 3.59699988365
1617707096944515943 3.20600008965
1617707096977633953 3.30999994278
1617707097077696084 3.37199997902
1617707097110954046 3.41599988937
1617707097144294023 3.47399997711
1617707097244407892 3.52999997139
1617707097278028964 3.61299991608
1617707097344053030 3.62700009346
1617707097377434015 3.71000003815
1617707097477732896 3.81599998474
1617707097511241912 3.79800009727
1617707097577408075 3.89700007439
1617707097644520998 3.95000004768
1617707097710973024 3.99000000954
1617707097744256973 4.03599977493
1617707097844233989 4.117000103
1617707097877794981 4.117000103
1617707097977358102 4.23999977112
1617707098077637910 4.28299999237
1617707098110877037 4.26499986649
1617707098177898883 4.33900022507
1617707098244249105 4.34100008011
1617707098277641057 4.3639998436
1617707098344317913 4.38999986649
1617707098377700090 4.41800022125
1617707098477601051 4.46199989319
1617707098510829925 4.34800004959
1617707098577893972 4.96099996567
1617707098644043922 4.87799978256
1617707098677702903 4.8109998703
1617707098744280099 4.76900005341
1617707098844172000 4.75500011444
1617707098877609968 4.77099990845
1617707098944310903 4.632999897
1617707098977844953 4.66699981689
1617707099077639102 4.64400005341
1617707099110755920 4.57499980927
1617707099210958003 4.56799983978
1617707099244555950 4.53299999237
1617707099310908079 4.53100013733
1617707099344249963 4.50600004196
1617707099410958051 4.46899986267
1617707099510907888 4.37799978256
1617707099577589988 4.25099992752
1617707099677540063 4.24900007248
1617707099710872888 4.30700016022
1617707099811208009 4.14200019836
1617707099844525098 3.77200007439
1617707099910844087 3.8599998951
1617707099944319963 3.8789999485
1617707100044116020 4.0640001297
1617707100077677011 3.80200004578
1617707100144124031 3.85599994659
1617707100177499055 3.99000000954
1617707100277717113 3.95300006866
1617707100311129093 4.39900016785
1617707100411079883 4.48699998856
1617707100910919904 4.72800016403
1617707100977823972 4.76000022888
1617707101044359922 4.8060002327
1617707101077708959 4.91499996185
1617707101177694082 4.88899993896
1617707101210967063 4.88899993896
1617707101310905933 4.88000011444
1617707101411333084 4.91499996185
1617707101444300889 4.85699987411
1617707101511219024 4.84800004959
1617707101577529907 4.7389998436
1617707101644627094 4.74599981308
1617707101710927009 4.70900011063
1617707101744343996 4.62599992752
1617707101810939073 4.66499996185
1617707101910888910 4.61000013351
1617707102010947942 4.57700014114
1617707102044245958 4.49900007248
1617707102144320964 4.41499996185
1617707102177642107 4.32999992371
1617707102210963964 4.32999992371
1617707102277688980 4.28999996185
1617707102310921907 4.21899986267
1617707102377414941 4.15600013733
1617707102444289922 4.09200000763
1617707102510900974 4.01499986649
1617707102577883005 3.93899989128
1617707102644272089 3.88599991798
1617707102677566051 3.87199997902
1617707102777403116 3.75200009346
1617707102844634056 3.73799991608
1617707102944179058 3.5529999733
1617707102977449893 3.5529999733
1617707103044331073 3.53200006485
1617707103111149072 3.40899991989
1617707103144268035 3.46199989319
1617707103244216918 3.4319999218
1617707103277534961 3.33500003815
1617707103310888051 3.32399988174
1617707103410871028 3.19600009918
1617707103444309949 3.15000009537
1617707103510808944 3.06500005722
1617707103577557086 3.08299994469
1617707103644243001 3.04200005531
1617707103677613019 3.03699994087
1617707103777383089 3.17100000381
1617707103810811996 3.17100000381
1617707103877686977 3.30999994278
1617707103910861968 3.375
1617707103977516889 3.54999995232
1617707104044148921 3.5759999752
1617707104110898017 3.72099995613
1617707104144100904 3.77500009537
1617707104210989952 3.76799988747
1617707104310987949 3.79500007629
1617707104344346046 3.87400007248
1617707104377374887 3.88100004196
1617707104444433927 3.87400007248
1617707104510958909 4.04300022125
1617707104577496051 3.60800004005
1617707104644432067 3.71700000763
1617707104710915088 3.65899991989
1617707104744115114 3.36800003052
1617707104844364881 3.42100000381
1617707104877753019 3.43899989128
1617707104944354057 3.51600003242
1617707104977540016 3.51799988747
1617707105077605962 3.5569999218
1617707105110899925 3.56699991226
1617707105177413940 3.6779999733
1617707105211136102 3.6779999733
1617707105310749053 3.65400004387
1617707105344433069 3.66599988937
1617707105444272041 3.6819999218
1617707105510889053 3.6779999733
1617707105610985040 3.71199989319
1617707105644540071 3.77500009537
1617707105710856914 3.77200007439
1617707105744440078 3.71900010109
1617707105810892105 3.72600007057
1617707105877720117 3.70300006866
1617707105978095054 3.72099995613
1617707106010834932 3.72099995613
1617707106077729940 3.72399997711
1617707106177915096 3.64100003242
1617707106210952997 3.64100003242
1617707106277627944 3.58299994469
1617707106344002008 3.56399989128
1617707106410845041 3.54099988937
1617707106443790912 3.47199988365
1617707106511172056 3.47600007057
1617707106577775001 4.0609998703
1617707106610908985 4.0609998703
1617707106678021907 3.99900007248
1617707106744231939 3.95700001717
1617707106811091899 3.97099995613
1617707106877835988 4.01999998093
1617707106910969972 4.03100013733
1617707107010696887 4.14200019836
1617707107077589035 3.73300004005
1617707107177784919 3.33999991417
1617707107211148977 3.33999991417
1617707107277626991 3.71900010109
1617707107310952901 3.71900010109
1617707107411343097 3.39100003242
1617707107444269895 3.78600001335
1617707107510673046 3.45799994469
1617707107544173955 3.43899989128
1617707107977698087 3.47399997711
1617707108044096946 3.49900007248
1617707108077697038 3.51999998093
1617707108177588939 3.44899988174
1617707108210885047 3.44899988174
1617707108244410037 3.4509999752
1617707108344182014 3.47900009155
