1617105229892659425 -0.2900541744115236 0.2196204610216753 0.39835490739795837
1617105229926175117 -0.30185054825951996 0.22543857649924456 0.4164298965440762
1617105230025856494 -0.3305451159367029 0.23837544990597012 0.4639658751746827
1617105230059516429 -0.3388243680729274 0.24157502114046273 0.4784143023975723
1617105230125788450 -0.35730281116741824 0.24684086774687444 0.5130262186910105
1617105230159432172 -0.3652484491872035 0.24815664261086537 0.5274223598524584
1617105230259264469 -0.39033133201270664 0.24820113213433964 0.5726145842237788
1617105230359260320 -0.41472749175737894 0.2415902811868781 0.6054887357931412
1617105230393027305 -0.4220113869223901 0.23831009954249177 0.612847076092197
1617105230459329128 -0.43846894624098903 0.22820814731451308 0.6258679068069993
1617105230492547988 -0.4456938532466511 0.22289908982565518 0.6300020176720385
1617105230559760332 -0.46222827802100097 0.20823881823393264 0.6354495292298479
1617105230659219741 -0.48480415726213505 0.1817455591320745 0.6351062440066039
1617105230692610979 -0.4911870802167031 0.1724718398062715 0.6331763900038201
1617105230725879192 -0.4993884341191284 0.15905470161294463 0.6296870056957268
1617105230792578697 -0.5110589526365158 0.13660463676512333 0.6212556562305765
1617105230859247922 -0.5229836791910409 0.10696912667034705 0.6080955384947407
1617105230892383813 -0.5274864761776485 0.09295595073665262 0.6018453579079747
1617105230993625164 -0.5393082956908094 0.040493561898697183 0.5791977024426863
1617105231026169061 -0.5426332319045836 0.017140654557214204 0.5690966941628213
1617105231093143224 -0.5456939327386194 -0.02028058082521556 0.5536182691559063
1617105231125886201 -0.546452811305564 -0.046355691924766414 0.5425227849976383
1617105231192803382 -0.5447119838473604 -0.08646570373135752 0.5256104408163272
1617105231259303092 -0.5372992187947856 -0.1356225337952664 0.509641096986081
1617105231293190479 -0.5316121734634147 -0.15708838495244243 0.5041859527369611
1617105231392850160 -0.5024675127542595 -0.2287761054144083 0.48886159439602356
1617105231425895690 -0.48607532146197474 -0.25693805689910026 0.4829602551593786
1617105231459223985 -0.4718999855710467 -0.2776087464960407 0.4782660161747303
1617105231559277296 -0.4110569706643427 -0.3444543689504472 0.4650782818807708
1617105231592666625 -0.3885925771942958 -0.3634637437516367 0.46161757766519024
1617105231692883491 -0.30058708934554956 -0.42124536654780587 0.4522275635535777
1617105231792585372 -0.1928653523707556 -0.4681136507339606 0.4461157805072297
1617105231825920581 -0.14513073212506938 -0.4829483771117764 0.4447219120693354
1617105231892588138 -0.06797647775731223 -0.500613428372046 0.4451256057087824
1617105231925924777 -0.013889433882884791 -0.5089621582722825 0.4463395877806462
1617105231992658615 0.07089502200106854 -0.515977042335177 0.44937241418301205
1617105232059291124 0.17325880750906564 -0.5151703985245537 0.4555321028150178
1617105232092598676 0.21814939629745775 -0.5119838868100547 0.46009384557430455
1617105232192594528 0.36921963638717786 -0.4897966381292069 0.4833020631497991
1617105232225947380 0.4291579839729765 -0.4769729039577944 0.4962741702773637
1617105232259616374 0.473578174748062 -0.466144880538513 0.5061395812032371
1617105232359210729 0.6170474703094511 -0.4245549206130315 0.5396913761549216
1617105232392647504 0.6579363544248313 -0.4109780484985931 0.549898466781427
1617105232459416627 0.7492637058839995 -0.3777688644097343 0.5745789750918162
1617105232525814294 0.8340753890769115 -0.34308892090490306 0.6008741224427844
1617105232559318542 0.867944448658506 -0.32783560886354696 0.612624878395971
1617105232625897169 0.9411785097177198 -0.29049132381090526 0.6409525446870845
1617105232659359693 0.9700144704081543 -0.2737428342154873 0.6535483407442936
1617105232725924253 1.030308859846874 -0.23302517029970804 0.6849700640151573
1617105232826057195 1.1006631094785535 -0.16980338118311028 0.732765290974978
1617105232892777442 1.133967739212673 -0.12923394944467914 0.7566081277392186
1617105232959255218 1.1647123958813506 -0.08013817173693029 0.7788341880498231
1617105232992889165 1.1752788035738024 -0.05843854582016826 0.7855852317507307
1617105233092525720 1.197539029830428 0.015923319970949156 0.7985407717761839
1617105233126192092 1.2008943283868154 0.04645254207445644 0.7992747312566435
1617105233192709922 1.199648762844581 0.09275695568808115 0.7959263631777638
1617105233226007461 1.1944635766152207 0.12395773734955441 0.7906457252471374
1617105233325813531 1.163734994468664 0.20360436744260227 0.7690183566439124
1617105233359578609 1.1497475469250802 0.22788114839349685 0.7608968047065999
1617105233425897121 1.1071374350834826 0.2854952605753901 0.739252200105569
1617105233459177494 1.084970541685247 0.3103615350385955 0.7292203056057125
1617105233525853157 1.0234808234253272 0.3693679763684374 0.7026005336759356
1617105233592634677 0.9601860686270406 0.42053532721135367 0.6763518527381029
1617105233625880241 0.925149209470748 0.44641004921759947 0.6617466362747348
1617105233692604303 0.8341773990525818 0.505837379407729 0.6283749936469051
1617105233759606838 0.7352897952384723 0.5644415549168873 0.5924524786371217
1617105233792633056 0.6912905690166099 0.5895937254657955 0.575583631554511
1617105233859352827 0.5828784601649212 0.6463869019905373 0.5384370289059447
1617105233925966739 0.47126334864774566 0.6997585411584507 0.507209065925505
1617105233993220090 0.37573585650007046 0.742734473653541 0.4846791306781163
1617105234025908708 0.3125938081656601 0.7697305581118697 0.4710923308072941
1617105234092839479 0.21944565234868466 0.8070039957391882 0.4541973519197964
1617105234159187793 0.11412648812443484 0.8448154150647178 0.43849866281096733
1617105234192603349 0.07024623675960558 0.8588125204575591 0.4333728384454449
1617105234259325504 -0.028907281003479682 0.8859445683093513 0.4240664243339532
1617105234325939178 -0.12326047559765778 0.9048539349967339 0.41813548951702306
1617105234359289169 -0.16152514869235524 0.9102572536548559 0.41633313452324067
1617105234459274291 -0.2808207726291484 0.9177796560477971 0.4120532537262355
1617105234525977611 -0.35477835343799463 0.9143599680246804 0.40958625868308013
1617105234625854730 -0.4440990236019845 0.8974523754107435 0.41319865919895254
1617105234659262895 -0.46692801833005293 0.8903208636742663 0.41633067262094925
1617105234725978851 -0.5132317583882904 0.8714097730760325 0.4261967091404427
1617105234759275197 -0.5298136754808522 0.8622954605451806 0.43188332159646015
1617105234859194040 -0.5736820871496093 0.8299047290971858 0.45517269654791087
1617105234892529726 -0.5831032088244207 0.8195595271129984 0.4635879879203876
1617105234925968885 -0.5932735015527675 0.8054575479700696 0.4755252583151553
1617105234992752313 -0.6018931051682953 0.7835297700369986 0.49606780571618625
1617105235059711933 -0.6019463349059654 0.7571963227842406 0.5220105816724215
1617105235125967502 -0.5907250189484305 0.7312702729813272 0.5480218701170846
1617105235159279108 -0.581815797687068 0.7203701682391245 0.5593388372006364
1617105235259228229 -0.5337675612221495 0.6860731855483023 0.5990385194294657
1617105235292875528 -0.5134749126161104 0.6769229715325576 0.6110520449247262
1617105235325922012 -0.48195079656850304 0.6656526046879798 0.6281050117706442
1617105235392586946 -0.4261231161789795 0.651813409462096 0.6544081496489649
1617105235459260702 -0.3473906537258619 0.6404988199804587 0.6895891963262939
1617105235525822639 -0.27188899941816147 0.6347138675444579 0.7252274242947492
1617105235592537641 -0.17749193192704626 0.6320563891721294 0.7627130800062877
1617105235625896692 -0.12230551069610963 0.6319834012467771 0.7806915401513079
1617105235692578315 -0.0381688481472522 0.6332600300035259 0.8033678641613775
1617105235759335517 0.05996580778316165 0.6363299455121179 0.8246791334252348
1617105235825883626 0.154948450739454 0.6405743424751502 0.8398035675646524
1617105235859246730 0.19430037673984515 0.6426297268556203 0.8444364473578206
1617105235959530591 0.31731923982004706 0.6507728106034426 0.8519212577196942
1617105235992582798 0.351210068197817 0.653577852740174 0.8519350789543826
1617105236025960922 0.39401921361171194 0.6575874628777433 0.8505772982222606
1617105236092679023 0.45227312813543213 0.6642345420991228 0.8465406725199487
1617105236159272432 0.508774884309772 0.6731446701808596 0.8430536050862483
1617105236225870132 0.5524114225412308 0.6827205089916982 0.8419695046196226
1617105236259199142 0.5671665488627415 0.6868379736213283 0.8425953147938491
1617105236359236240 0.5997727775021433 0.701009523841046 0.843071783929387
1617105236392988204 0.6051175820497535 0.7050555275477327 0.8433333321021808
1617105236425824165 0.6086570009161969 0.7099326188175954 0.844010466839724
1617105236492646694 0.6079295043599834 0.716038760147228 0.8449258059666925
1617105236559254646 0.5989188771005498 0.7199711598511301 0.8478287654141229
1617105236625843524 0.58256786486432 0.7203016875491038 0.8497124263222957
1617105236692586183 0.563670953487811 0.7160829538118394 0.8512586884873606
1617105236725971460 0.5491525881663142 0.7107963467769636 0.851391527798545
1617105236792527914 0.5254559480525883 0.6987656143429926 0.8490880967032249
1617105236825910329 0.5080267496940334 0.6877712553098894 0.8461000491546297
1617105236926030874 0.46114626240072315 0.6488970238498122 0.8319993241660755
1617105236959321022 0.4462241759154602 0.6338908394738936 0.8258758892221942
1617105236992624044 0.43094238333036156 0.6171826705854796 0.819012170872793
1617105237059318304 0.3943120791526255 0.572015310103959 0.7988310984216987
1617105237125965356 0.3561348610154669 0.5178188087301074 0.773609396274813
1617105237193201065 0.3223679614449448 0.4639208787812237 0.7477768677774096
1617105237259183883 0.28213920857896824 0.39317817673424665 0.711705836394571
1617105237292718410 0.26458898733254166 0.36091873379516176 0.6935684910584761
1617105237359119892 0.22350291515201198 0.28409648916684616 0.6415854952149871
1617105237425954818 0.18276529630504218 0.20064466662711342 0.5871529871325508
1617105237492567300 0.14839829269109098 0.12612265311495893 0.5415021732591199
1617105237525938510 0.12630700360810784 0.07590393304514388 0.51157733505872
1617105237592634916 0.09524126677130718 0.000983312137385024 0.4667298067928998
1617105237659740686 0.0628521662830947 -0.08459616382645657 0.4140254406559218
1617105237726153373 0.035788805675860486 -0.16708093253674716 0.3613803347559075
1617105237792933225 0.01808329865510977 -0.23413174933324182 0.31757881159469387
1617105237825960159 0.009205058593918928 -0.2762341535041335 0.28913816858240243
1617105237892601490 0.0012804616605413667 -0.3350805857176203 0.25026677178625617
1617105237959140300 -0.00024742916610341327 -0.39588938906247 0.21108495411364814
1617105237992568969 0.0019763152641312535 -0.41905123505832376 0.19682290642828143
1617105238059359312 0.013244282315246722 -0.4653170960726647 0.17166556283758866
1617105238092683315 0.021007089305696437 -0.4818721912320743 0.16470120426543788
1617105238659488677 0.3577240516874503 -0.46026099236578083 0.2584623139016836
1617105238725896358 0.40782170932511164 -0.412113444484396 0.2636832936687569
1617105238792683601 0.4509837059784031 -0.36164546740932085 0.2651500659357058
1617105238826000213 0.47981209973359595 -0.3236219240253261 0.26478403098067815
1617105238892715692 0.5225146429703426 -0.26090027977037894 0.26826196194213425
1617105238959278106 0.5701341131228896 -0.18063899423322727 0.2754747666885907
1617105238992575883 0.589530675899415 -0.14437086060882517 0.2787020303413647
1617105239059275865 0.6314086784106581 -0.05684485463260162 0.2856457814802522
1617105239125947237 0.6662978359615471 0.03316429557506014 0.2934665841159101
1617105239193187475 0.689592316707649 0.11108712289216875 0.3015336939320122
1617105239225951671 0.7006966989236775 0.16324305358544938 0.3087391853385911
1617105239325942516 0.711342086803584 0.2922659876710866 0.3353353256294009
1617105239359263896 0.709912335281364 0.33038259276667115 0.3461547626158508
1617105239392688274 0.7060820601516291 0.36784043488216006 0.35833164851669075
1617105239492609024 0.6803328045783128 0.48627983564545885 0.40823071562112195
1617105239525975704 0.6649154769289886 0.5302512949433041 0.4308603126047209
1617105239592630386 0.6380878059970732 0.5906323014822515 0.46856795494582654
1617105239659302234 0.601563690307784 0.65241842609292 0.5143983160399557
1617105239692648649 0.5847298874315346 0.6761163559040826 0.5332264346967613
1617105239759857892 0.543901182582691 0.723634450676869 0.5753965587806009
1617105239825944900 0.5002539853205877 0.7597355729811954 0.6159023261976914
1617105239892564058 0.4619663313197601 0.7812698438195819 0.6489264603754777
1617105239925905466 0.435550456843145 0.7908115836283062 0.6701895411612111
1617105239992510795 0.39516320115598835 0.7977833837494892 0.7010404435834467
1617105240025967597 0.36775042805406566 0.7973851938333861 0.7215430659715211
1617105240092756271 0.3258796555200256 0.7897952739141341 0.7511644884284031
1617105240159281730 0.2761349899238515 0.7702044542761615 0.7853935975696457
1617105240225972652 0.22506756529034336 0.7392463429353927 0.8189037035744726
1617105240259169340 0.20285170658985963 0.7226086282424751 0.8330614921383742
1617105240325888156 0.15067177235158882 0.676325462178225 0.8650681221192551
1617105240392576932 0.10482202064594211 0.62928849226025 0.889081973828293
1617105240459159135 0.05096726095812161 0.5692794708807303 0.906905648614044
1617105240492618560 0.027717013915339234 0.5422696575459658 0.9109167504919679
1617105240559232950 -0.026750384372127765 0.47579110671992686 0.9148599441338573
1617105240625847578 -0.08162256575429659 0.40547514400328966 0.9141954732750771
1617105240692620992 -0.12858814949518624 0.34372167489920646 0.9112750235381386
1617105240725975751 -0.1595385516530775 0.3026365547341124 0.9075379902285966
1617105240825868844 -0.23595378276732862 0.2011026134107412 0.8923532414345481
1617105240859147310 -0.25819068142024004 0.17113386044720577 0.8868259509880138
1617105240892601966 -0.27986333390590407 0.14147861941316156 0.8812605141181873
1617105240959322929 -0.3272796413047329 0.07304004217455573 0.8672798760553229
1617105241025980472 -0.37032026118693334 0.007082194130422569 0.8497694749586542
1617105241092654705 -0.40204710878903793 -0.04769074328003143 0.8349214681101392
1617105241125965356 -0.4200488387086643 -0.0828717594207207 0.8250621282473666
1617105241192696571 -0.4411723206712846 -0.13311159838179074 0.810819214152889
1617105241259520292 -0.45607971235265937 -0.1869285299919912 0.7973642648901182
1617105241325962543 -0.45993034421322015 -0.2338755074207449 0.7878480797732063
1617105241359826326 -0.4579477134024057 -0.25150163619507515 0.7851614173876416
1617105241425813198 -0.44669831316408826 -0.28527110274774936 0.7808046040565003
1617105241492641448 -0.42837620809570975 -0.3055398366407078 0.7813762740865925
1617105241559286355 -0.3987976059576561 -0.3175472479369867 0.7863652602878206
1617105241592665672 -0.38342751755481813 -0.31860337321008647 0.7899499161230363
1617105241659276485 -0.34202954117885426 -0.31107537185016476 0.8012789474855783
1617105241693345785 -0.32207524489701184 -0.30352225822027024 0.8071693513904064
1617105241792897224 -0.2470281301636491 -0.25923493218894444 0.8312186198272714
1617105241859259128 -0.18724392297944525 -0.21081938087358779 0.8512226202550022
1617105241925787925 -0.12264252110483764 -0.14923128343918818 0.8702106429163377
1617105241992624521 -0.06431929161433363 -0.08729459032808856 0.8835209224366868
1617105242025944232 -0.024147500453064318 -0.0419229868905725 0.8918925913276807
1617105242092587709 0.037054662282520294 0.03131627170089585 0.9016969405985519
1617105242159318447 0.10924600936869432 0.12162285192832283 0.9105076448255425
1617105242193106889 0.13996786201193173 0.16159090687309996 0.9121499551340672
1617105242259256362 0.21152098361280613 0.2566187250488264 0.9093016788908161
1617105242325906991 0.28108606100110656 0.35223670897739356 0.9010279165646695
1617105242359243154 0.31006988056293 0.39296933264482325 0.8973785808316035
1617105242425986528 0.3751621288440672 0.487179844593094 0.8896485794163562
1617105242492535352 0.42788717428424605 0.566428584678702 0.8849624001497344
1617105242559399843 0.48490113780943195 0.6565031802935741 0.8826066049112923
1617105242592722415 0.5078821171182488 0.6941963177257471 0.8827772020573642
1617105242659196853 0.5575283387143101 0.7792843248807985 0.8863513509649361
1617105242725942373 0.6008704121593963 0.8607183823318598 0.8918858289531554
1617105242792669773 0.6324523643822243 0.9258210227103979 0.9000175111448173
1617105242859177112 0.662079811118383 0.9954968298415042 0.9121562458446365
1617105242892596721 0.6728048854999334 1.02300157589613 0.917594052674416
1617105242959294319 0.6918731891782164 1.081652507893901 0.9303834657867367
1617105242992573022 0.6978270387630185 1.1037975223608134 0.9359492830171412
1617105243092501878 0.7086217360553403 1.164404009973382 0.9526740632876313
1617105243125889062 0.7094630678932785 1.1833831506917367 0.9561001676708548
1617105243159214496 0.7089248808294123 1.1954185838525015 0.9573358234721604
1617105243259294986 0.7010668165944587 1.2220559325122806 0.9528670914499582
1617105243292734622 0.6968471653419444 1.2258214271045176 0.9489015426071881
1617105243393055677 0.6778611419535397 1.2249501374335248 0.9264821870221652
1617105243459067344 0.66034906986595 1.2118550055721047 0.9025610819737805
1617105243525925159 0.6397320232633427 1.1884318172312083 0.8733616030510511
1617105243592497348 0.6193739171850715 1.1592204995503261 0.8485227352345557
1617105243625925064 0.6046242418807147 1.1355699763436735 0.8322369176855421
1617105243726067304 0.5636961446980241 1.0608674068310544 0.7958162650547582
1617105243759185075 0.550361290347275 1.0346720914600969 0.7858467171053112
1617105243825932979 0.5175777387070715 0.9664940429455467 0.7651226049798003
1617105243859270811 0.5029314741469665 0.9348218728384734 0.7566398495581131
1617105243925785303 0.4672003680068381 0.8546692831668895 0.7394297036038393
1617105243993028879 0.4353895817934317 0.7799140711672966 0.7260516462077362
1617105244025954961 0.4135958555917883 0.7272558213137793 0.7178489681837393
1617105244125905036 0.3584374271665609 0.5911680104865841 0.6918262922383557
1617105244159226179 0.34189672742111027 0.5489476594437896 0.6830201826601335
1617105244226157426 0.30437798315055914 0.45052822965515993 0.6566892327907852
1617105244259214878 0.2890638448195171 0.4086989684964161 0.6433977224137213
1617105244325917720 0.2553034772914268 0.31313345931278613 0.6086852812562135
1617105244392591953 0.22961418106975656 0.23496335281064548 0.5736818296584416
1617105244425905704 0.21456032828530058 0.18518651595100039 0.5490699164042862
1617105244493392229 0.19609241860639742 0.1153118173896149 0.5112053460939557
1617105244592658281 0.17953687745022032 0.014768983661955616 0.45624556594275617
1617105244625918865 0.17794270303191767 -0.019612101785686557 0.4364678260007348
1617105244693137407 0.181106866244084 -0.06481347510271983 0.4090169449770237
1617105244759289264 0.19268165307596127 -0.10819020800252774 0.37947013583814526
1617105244793104648 0.20024010903819076 -0.12367138621695889 0.3678704562534663
1617105244859027862 0.22359015032972726 -0.15247205471487182 0.34319761164538015
1617105244925962686 0.25516569322226806 -0.1707493601525047 0.32407733455386817
1617105244959328413 0.2709902887958001 -0.17512780348133306 0.31769782461327994
1617105245025927782 0.3122585876693447 -0.17685264551644855 0.3069591739307199
1617105245092576026 0.35193910392693944 -0.16868057233170275 0.3029534584313223
1617105245159154176 0.402833477139213 -0.1478482989897328 0.3080106923122165
1617105245192930459 0.4253187215500118 -0.135145415206271 0.31289611317374955
1617105245259613513 0.4779748430636805 -0.09791899180643325 0.3295897244283052
1617105245325936079 0.5282802476810872 -0.05090281051482104 0.35199840124257714
1617105245359258174 0.5485393428279998 -0.028102277490114985 0.36367982947082
1617105245425913810 0.5904315731100381 0.029291802964671498 0.3970606830470234
1617105245459278583 0.6054362731567056 0.05561272476732095 0.4126252780084872
1617105245559695005 0.6412059746888158 0.14926511265132436 0.46803368671228296
1617105245593018054 0.6469931866240639 0.17855139960693092 0.48524452139134605
1617105245659344434 0.651471809528849 0.24780888884367933 0.5242116296634889
1617105245725931406 0.6438269726953536 0.31731737827444695 0.5577433379393412
1617105245759874105 0.6367223439157965 0.34684597090683505 0.5703844801661774
1617105245825931787 0.6117152710752156 0.414241498162147 0.5966439818087113
1617105245892592191 0.5815587300735007 0.4699672815709746 0.6132222433200624
1617105245959802389 0.5364653247372893 0.5313307757466371 0.6273132070068711
1617105245992565870 0.5141311024764196 0.5562385568276756 0.6314001227698982
1617105246059226989 0.45498310057198604 0.609907517754729 0.638317030128657
1617105246125848531 0.38699943332270914 0.6564594317771901 0.6416098601118267
1617105246192569494 0.322685369158621 0.6907771515765968 0.6396893992784095
1617105246259253263 0.24136678369871206 0.7216973454215987 0.6349885897963339
1617105246293134450 0.20469253413460486 0.7318125243492147 0.6314929542323992
1617105246392515182 0.0769282335521115 0.7523997383109114 0.6090121354149446
1617105246459117174 -0.01670163182120411 0.7545797025424871 0.5818342569830875
1617105246559258699 -0.1530555394730284 0.7444149070048741 0.5228828844345527
1617105246593120098 -0.1945114436343832 0.7378431585501899 0.5028687403259494
1617105246625870704 -0.249745861190807 0.7266111651627197 0.47638608335625365
1617105246725922107 -0.3888884865867419 0.6877642348313104 0.4199770536889363
1617105246759277820 -0.4302559992718264 0.674112018148283 0.4064042232160123
1617105246825981378 -0.5254852065203987 0.6406429833026139 0.3803999471533175
1617105246892596721 -0.6044274427044046 0.6103730621019956 0.36411251134202616
1617105246926081418 -0.6424613705735241 0.5947166439892895 0.3582009814926575
1617105246992610931 -0.7272680990576644 0.5567481774485903 0.34922869347815194
1617105247059263467 -0.8039065332526047 0.516803776888992 0.3443341911791367
1617105247125858068 -0.8607972915591753 0.48011058638961124 0.34463986887860976
1617105247192505359 -0.9151906248368861 0.43437938224965283 0.3485968683856984
1617105247225922107 -0.9394794982748566 0.4064305972595467 0.35280502564886496
1617105247292608976 -0.9661005816230408 0.36226558809853 0.36023462768809505
1617105247359312295 -0.9812683449859947 0.3069537310517337 0.37164134732512566
1617105247492534160 -0.9640117390420124 0.19384637920243708 0.39778136716429846
1617105247525997638 -0.9472332626647634 0.1565393377603736 0.4058109819604016
1617105247625964879 -0.8836765778101953 0.05841838852482537 0.42328023483451327
1617105247659224987 -0.858929485608788 0.02774927600618097 0.4274699841013549
1617105247726044416 -0.8027784100702926 -0.034832724542026454 0.4347577935438355
1617105247759254217 -0.7618035156885208 -0.07709699388931901 0.4383980228374522
1617105247859192848 -0.6472980694432889 -0.1844716876100637 0.44567574537206256
1617105247892885684 -0.6109726249604328 -0.21657390484117195 0.4470687813373097
1617105247959225416 -0.5234204425646487 -0.29046492249091227 0.450147542019692
1617105247992533206 -0.48522356769231173 -0.32096537435175193 0.45004306142543254
1617105248059303522 -0.396486314452778 -0.3892544635444802 0.45201227157876905
1617105248125933408 -0.3086398970272454 -0.45157555419820056 0.4549620801485511
1617105248192661523 -0.23464902141565858 -0.49902145913853985 0.4579054219256942
1617105248259245157 -0.15001481198226435 -0.5459484911649323 0.4613584085083689
1617105248292668104 -0.11421759782158687 -0.5632927691032967 0.46251752837542043
1617105248359560728 -0.032056789816982616 -0.5963499762851826 0.4647891033570472
1617105248426019430 0.04867213903978937 -0.619341390326898 0.46530959130200794
1617105248459257841 0.08279414174575546 -0.6259229863163047 0.46529930490558025
1617105248559256553 0.19485449011905007 -0.6342841381003351 0.4630368489507799
1617105248592592239 0.22801411018207543 -0.6326568288595882 0.46170476278777295
1617105248625948429 0.271861781963395 -0.627595469740577 0.45916540404914147
1617105248692638158 0.33700878198311024 -0.6139391107565345 0.45478810883360177
1617105248759330749 0.4122555718342216 -0.5887203219332235 0.4474919448027611
1617105248825953006 0.4868343367658268 -0.5542165771142781 0.4382691023819446
1617105248893192529 0.5501043893546383 -0.5172363851598333 0.42890463749629665
1617105248959352493 0.62254780773466 -0.4661982422043923 0.4192248944653629
1617105248992615699 0.6528335642520808 -0.4416053135348422 0.41493342592473265
1617105249059679746 0.7218019499610712 -0.3785475421646211 0.4051816773986126
1617105249092646598 0.7500302590589087 -0.3492223626773416 0.40181040410877034
1617105249159380197 0.8117570416330313 -0.2757048637714524 0.39575730161142875
1617105249226624011 0.8655865690270449 -0.19628207625017657 0.39218035729872447
1617105249292487621 0.9040436226348348 -0.124753528991392 0.3917182769803898
1617105249325931310 0.9251541271400258 -0.07546454119573572 0.3908571584236906
1617105249359582662 0.9384440721224347 -0.03786989261303502 0.3906680454105171
1617105249425875663 0.9600853351277224 0.05144875403075176 0.3913515473061957
1617105249492646455 0.967250683374187 0.12957163161653584 0.39354580566493735
1617105249559197425 0.9617961850323357 0.22090712518931055 0.4010431893122965
1617105249626245021 0.941245968273931 0.31181123201885236 0.4117889099503415
1617105249692629337 0.9124105702923161 0.3884920255309539 0.4228490040707108
1617105249725934028 0.8941164627007839 0.4261216922911306 0.42910275549294385
1617105249792889118 0.8418471228853494 0.5112035319332183 0.4449286267216251
1617105249892582416 0.7470426890545127 0.6242439864050927 0.4720029636429025
1617105249959357738 0.6704128790523126 0.6961574933655127 0.4926124480278777
1617105250026029348 0.6005134854405537 0.754828087023057 0.505367432126271
1617105250092619657 0.5153369753754393 0.8185654374363908 0.5155693963170467
1617105250159326314 0.42841686522061906 0.8780699462051641 0.5235286038931648
1617105250225933790 0.34177772139789114 0.9340297013188873 0.5294541469642106
1617105250259816884 0.30516509222031196 0.9570120376141977 0.531377049020982
1617105250325984001 0.2330328443322291 1.0015638942340208 0.5340050346153796
1617105250392592191 0.15215889307508998 1.0503398126571146 0.5351162993617745
1617105250459751367 0.07444683093081854 1.0940427729578768 0.5386193979100244
1617105250492536067 0.0421526088337085 1.1111665579105967 0.5401271193242476
1617105250592811107 -0.06088090291978838 1.160510914315809 0.5430779106114273
1617105250626011133 -0.10026543088860025 1.1761060029206891 0.5439945611689446
1617105250725843667 -0.19514276604383202 1.204091856923781 0.544444836321294
1617105250759531974 -0.22269463226491035 1.2094677391561564 0.5440217158315055
1617105250825997829 -0.2859863311234459 1.217186322441366 0.5423864368973518
1617105250859241485 -0.31256677674316724 1.2183175406519535 0.5415002846428334
1617105250959176540 -0.39885392203302283 1.2137598984972506 0.540073087690188
1617105250992574930 -0.42410756413668305 1.2103040208007034 0.5398602048349173
1617105251059273004 -0.48091180250680626 1.199261716877472 0.5392172695372561
1617105251125919342 -0.5355781540265065 1.1848632614060104 0.5384435153215624
1617105251159311056 -0.5579345622242667 1.1778294305462813 0.5384041175194996
1617105251259264945 -0.6277127522944597 1.1511744528873205 0.5403684611907742
1617105251292545557 -0.6467098962137099 1.142376466074509 0.5413194913585315
1617105251325909852 -0.6646765139624183 1.1331993557168047 0.5423586187455381
1617105251392631769 -0.7020328307297051 1.1102874246236363 0.5453573932288966
1617105251459297180 -0.7314184261318243 1.0850641271861394 0.5485714103997124
1617105251525990486 -0.7491011909520249 1.0615764730150152 0.5509104857424646
1617105251559435367 -0.7561635781386739 1.044739109647056 0.5522881600155838
1617105251659186840 -0.7579993335078976 0.9991467056859159 0.5528861783693085
1617105251692521572 -0.7534486414440115 0.9844916937352844 0.5524297314807765
1617105251792588472 -0.7213888433652852 0.9340351149702287 0.5472578418147875
1617105251892558336 -0.6629797586553312 0.8836344970000428 0.53847014675798
1617105251925877809 -0.6322478008836018 0.8642315444579874 0.5350186161328916
1617105251992625236 -0.5787471413508983 0.8371647244961316 0.5300621414348533
1617105252059260845 -0.5058944241814743 0.8092901526138979 0.524038652493642
1617105252126002550 -0.4215898913084665 0.786712029349467 0.5186163000075071
1617105252159449338 -0.3825699983409867 0.7790684070147107 0.515801008746936
1617105252225927591 -0.2835060560968248 0.7655766771191204 0.5105644279971246
1617105252292677879 -0.19259156202019256 0.7599908286011017 0.5072120603609557
1617105252359787464 -0.08219710864973345 0.7587624179431414 0.510671142115944
1617105252392558097 -0.03368541150284699 0.7597760007208869 0.5130592492977666
1617105252460204362 0.07808024539784252 0.7660858348665914 0.5165194969473412
1617105252526098251 0.1854494463502763 0.7763782544636703 0.519962216479275
1617105252592607498 0.2716802342998695 0.7878716774294289 0.5229553959538855
1617105252625946998 0.3251728696312526 0.7967914412903695 0.5256084892648836
1617105252692668914 0.39827880975331553 0.8120745300829905 0.5297235094569429
1617105252759245157 0.4720070875209138 0.8327753669327319 0.5343031817261302
1617105252826265335 0.5319881640579434 0.8561392843485024 0.5398043133191376
1617105252859277009 0.5537331380123844 0.8667649916251147 0.542383447809199
1617105252959014654 0.6079941506762816 0.9040729070020105 0.5509612178172228
1617105252992806196 0.6191902614711619 0.9154743561307133 0.5531732895513536
1617105253059723377 0.6363871088058798 0.9413724316708766 0.5589746846873235
1617105253092938661 0.640068992375224 0.9520233089562578 0.5609749826581153
1617105253192672491 0.638194806039858 0.9847104736072744 0.5660639239654772
1617105253225940704 0.6312962655484353 0.995958266050687 0.5676312533742948
1617105253259322166 0.6241455857920781 1.0035313936668302 0.5684549810255785
1617105253359770298 0.5878348092035091 1.0224917263459068 0.5707522861232989
1617105253392540931 0.5733231611298443 1.0258267234219622 0.5716149724198643
1617105253459253311 0.53375277019256 1.02932409839644 0.5723527439652178
1617105253492746829 0.5144933117181252 1.0288069111643874 0.5723122871862089
1617105253559322357 0.4641483732461549 1.0221098539058302 0.5714739357158395
1617105253625916719 0.40730112891525777 1.0069541842941876 0.569761933642735
1617105253692633390 0.35349674995430874 0.9872547552004289 0.5669698285097402
1617105253759284973 0.28532805159897484 0.9559539428967712 0.5622226688035601
1617105253792593955 0.2544974342509788 0.9395443846806283 0.5600643922185713
1617105253859691619 0.17904467214841113 0.8947155361243617 0.5534492660312347
1617105253926066160 0.09937403324439902 0.8397001639386626 0.5462037063920037
1617105253992596149 0.028000250319354 0.7848651330075461 0.5384773204197489
1617105254059388637 -0.05802024044387479 0.7127108696131158 0.5265798011510053
1617105254092679977 -0.09544134332226153 0.6797531265443226 0.5197627372975021
1617105254159255504 -0.18283170400244694 0.6002661898659928 0.49750464040986925
1617105254259164810 -0.30593714333274935 0.4744884005581829 0.470209201653667
1617105254292987585 -0.34118849775770266 0.4350395720850539 0.463739661759692
1617105254325968742 -0.38685996571020415 0.38191904529272314 0.45566148493132425
1617105254392679929 -0.45083348977421106 0.3013243594853128 0.44421871775167815
1617105254459184169 -0.5164162731184753 0.2064767254135697 0.43181319553911246
1617105254492540121 -0.5411904057479472 0.16553169107692733 0.42650241984862824
1617105254592922210 -0.6066973106497103 0.027562620541590595 0.409067882232974
1617105254625868082 -0.6209049016641247 -0.014210912407933367 0.4035731369314936
1617105254692587852 -0.6442997789794477 -0.11176084133167888 0.3875160014545425
1617105254759134531 -0.6528862302202519 -0.20937195624668367 0.36927889644924683
1617105254826083898 -0.6488681014121223 -0.2919283606956227 0.3531723161165978
1617105254892493486 -0.6300531143037177 -0.3863836393952584 0.3379482006224234
1617105254925931453 -0.613495166615423 -0.43862606315595243 0.33090677570364996
1617105254993080139 -0.5805898724588814 -0.514167673924136 0.323724325481399
1617105255059546947 -0.5332860137407736 -0.5968755980229123 0.3198428772940022
1617105255125952243 -0.4784100156589141 -0.6729882299233052 0.32146136169047484
1617105255159264087 -0.4533297014164273 -0.7035011660955719 0.32368103361780026
1617105255259212732 -0.36594397550002417 -0.7954050446097256 0.3373093531841294
1617105255292848825 -0.3392596263647953 -0.8197496941231216 0.3433518203581529
1617105255325925111 -0.3034406807597333 -0.8499514671659675 0.3517811222637685
1617105255392970085 -0.2491556105338413 -0.8897095098696891 0.36644194441516453
1617105255459619760 -0.18585649746248217 -0.9269730410976832 0.38617476242553156
1617105255525782108 -0.12217001997304952 -0.953528228914678 0.4083728682854171
1617105255593104839 -0.06683500523650093 -0.9669355223287656 0.42973388835892423
1617105255625935554 -0.0293547870163479 -0.9707945610917688 0.4449751788924497
1617105255692267417 0.028067203425428674 -0.9687226929259691 0.4690928810199225
1617105255759238481 0.09641404541422724 -0.9539383636358361 0.4974112772422569
1617105255793214559 0.1263656453717616 -0.9436666417337803 0.509477970935736
1617105255859223842 0.19733894988440917 -0.9099963415802456 0.538406812245915
1617105255959200620 0.29718611435926484 -0.840657460311359 0.589710172798533
1617105255992811203 0.32556042363157384 -0.8160011279546903 0.6073416058876104
1617105256060160398 0.3887085042544205 -0.753248404268717 0.6455117561248964
1617105256126007318 0.4372745907578108 -0.6951454165881019 0.6767229432516947
1617105256159138917 0.4660566191016012 -0.6548971439514197 0.6967681691391376
1617105256225834608 0.503122981855372 -0.5930860175006751 0.7269879678121639
1617105256292522907 0.536008533751113 -0.5214598367340147 0.7662447039736429
1617105256359679460 0.5580015281502455 -0.45095728603447716 0.804954933641967
1617105256392613410 0.5644273004960745 -0.421529568900353 0.8209974632927746
1617105256459254503 0.5717773878773622 -0.35658808267428727 0.8600228810508374
1617105256525974750 0.5711187766705705 -0.3063612855577905 0.8941235827545485
1617105256592285394 0.5632879625188524 -0.25577709248570984 0.9325847778205356
1617105256625950098 0.5579849035829882 -0.23628984573072903 0.9467592400472471
1617105256693218469 0.5422048773874585 -0.19662581445585095 0.9741583351643358
1617105256759266853 0.521648016749014 -0.16592199001738744 0.993966645484562
1617105256792599439 0.5117205841579442 -0.1555291632174274 0.9998768972195273
1617105256859189510 0.48613838755717687 -0.1374509245289835 1.0078754449731415
1617105256925929069 0.4616775667460846 -0.12867511464581277 1.008648830571138
1617105256993072271 0.4305418692550843 -0.12623866437520592 1.0032075008458679
1617105257059751987 0.39700243255182277 -0.13150020082296388 0.9912721579147028
1617105257125931024 0.3614390221744376 -0.14345518296155663 0.9721765871582907
1617105257159301280 0.3455471786576452 -0.1505740957346563 0.9621731094324165
1617105257225956916 0.3070808880922326 -0.17129615761609013 0.9344148480888699
1617105257293104171 0.2731656713370014 -0.1937884032937518 0.9066348522067059
1617105257359237909 0.2328990457614412 -0.22399965413520198 0.8677934470179317
1617105257425896883 0.19351482948894755 -0.25751250454376906 0.8215452546425438
1617105257459031581 0.17689788349706384 -0.27269883455652566 0.7996538024428701
1617105257559057712 0.1263665714433793 -0.3283627689147848 0.7248692395253566
1617105257592724800 0.11280466695203613 -0.34554461754878774 0.7009145234586166
1617105257625934839 0.09650746561765601 -0.36834281965239674 0.6675947067120543
1617105257692563295 0.07608147324598259 -0.4022044313261109 0.6158307352963696
1617105257759238243 0.059813353575865306 -0.44005529713529673 0.554123657283799
1617105257825921297 0.053265777067762775 -0.4694582999092038 0.5030088244950834
1617105257892602682 0.05546375386750124 -0.4985432011905115 0.44752388549580613
1617105257959246635 0.0676712000615577 -0.5197529129613778 0.396304386953271
1617105258025943517 0.08969219982860449 -0.5318518923880069 0.3500349344143164
1617105258092875242 0.115804504956624 -0.5346915671968422 0.3136675392740392
1617105258125927209 0.13691222441957665 -0.5327232897427462 0.2911981116307022
1617105258192636013 0.17345214504814122 -0.5232977293728877 0.25885777942172594
1617105258259232759 0.22325006278682535 -0.5024595672017032 0.22490610010453627
1617105258325883865 0.2804408008145771 -0.47021653119128565 0.19567456383663578
1617105258392540216 0.3352178833008494 -0.43295192939939003 0.17661154100887191
1617105258426007270 0.3743636092031818 -0.4028987763967229 0.16705615329895004
1617105258492649555 0.4369786521610758 -0.35001648074116815 0.15611873102860735
1617105258559252500 0.5144903737171325 -0.2765722686116733 0.1526667085063057
1617105258592594861 0.5487168830356863 -0.2417329339909382 0.15630715958333677
1617105259159249305 1.0027822024763937 0.5443081526395881 0.40872203598001383
1617105259193251132 1.0080758661212401 0.5834738765266423 0.4270518262994854
1617105259259270191 1.01302924657912 0.6710403385352477 0.46956739278500864
1617105259325987339 1.007663265503348 0.7510092526324602 0.5142158477008911
1617105259393061637 0.9953345556569343 0.8137215605027541 0.5519498264016571
1617105259459262371 0.9723939295071132 0.8780149893420974 0.5973656104552135
1617105259492834329 0.9597016798277679 0.9023676935332045 0.6172212188797667
1617105259592672109 0.9066217776559923 0.9696266307766359 0.6823193169031379
1617105259625858545 0.8808196734828503 0.9902255366459118 0.7080553504023657
1617105259725941658 0.8071740761448338 1.025694924387083 0.7699028364599672
1617105259759311914 0.7827736264816949 1.032031230103317 0.7876311961611688
1617105259792602300 0.75763197348111 1.0364061505270787 0.8047632199818503
1617105259892583131 0.6694742595186131 1.0438526817690847 0.8469753808244371
1617105259925892353 0.6328632170819205 1.0432630889502323 0.8588217107814863
1617105259992508649 0.5765183674683366 1.0387714596682849 0.8744455235302451
1617105260059193849 0.5102393970575416 1.0305577254208595 0.8875541386296905
1617105260125941038 0.4531579441349487 1.0221757038223624 0.8944525227031744
1617105260159306049 0.41506868618991277 1.0163256660116822 0.8965948389897294
1617105260259229660 0.3202409704709815 1.000243076843652 0.8966557779740439
1617105260292569160 0.29189387458062266 0.9947182353763379 0.8974859067038803
1617105260359277963 0.22522567194799095 0.9804084626873432 0.900396217984974
1617105260392585992 0.19630563059531606 0.9732538031253009 0.9025403921432409
1617105260425817489 0.15805894571838366 0.9624622195800276 0.9055340147786275
1617105260525837659 0.06111844404266917 0.9291570191461767 0.9123589455502841
1617105260559368371 0.031968243246652296 0.9168260964086776 0.9143369084046866
1617105260659299373 -0.06630124029562579 0.8674871658242583 0.9185079823986013
1617105260693130016 -0.09591142919074121 0.8501508239148378 0.918242770808167
1617105260725975751 -0.1353940664156021 0.8259405999876603 0.9156121663886471
1617105260792649984 -0.1942551504773939 0.7878927644774499 0.9057480523065573
1617105260859280824 -0.26253270021533803 0.73946670433301 0.8909790938641156
1617105260925919294 -0.33002949843548995 0.6875462611071057 0.8768692596748805
1617105260992723226 -0.38734196079223915 0.6421400709508638 0.8637000532978653
1617105261026211500 -0.42499181534469466 0.6116722450007603 0.8545116746329113
1617105261125894308 -0.5183961955511021 0.5364347029913672 0.8288822978656998
1617105261159237861 -0.546148616326409 0.5142292735051117 0.8203978002031137
1617105261225973129 -0.6005233730487457 0.4699976283865243 0.8030271110080284
1617105261292623281 -0.6613756002252347 0.41897340922084203 0.7820251154494153
1617105261325943470 -0.6862271449024688 0.3971624483676866 0.7735930710403088
1617105261392596960 -0.740517125594154 0.34597873210785657 0.7550470597578195
1617105261459546566 -0.7873456788297124 0.2939944988073814 0.7379488755560164
1617105261526085376 -0.8198345405457483 0.24807676512975474 0.7238995112518454
1617105261559240818 -0.8366277330075069 0.2163694018400733 0.7149145827912337
1617105261625953197 -0.856310493581192 0.15897600319919264 0.6995810264500818
1617105261725990772 -0.8645433753382225 0.08375999614302655 0.6768022601260864
1617105261759455680 -0.8619887856774958 0.05040834357290084 0.6652799104235579
1617105261792561769 -0.8574824488272945 0.025668232430238913 0.6563524587233099
1617105261859751224 -0.840277934027436 -0.029447499468096945 0.6342611485059424
1617105261925920963 -0.8139125424721485 -0.07900336088915597 0.6144327830782477
1617105261992625474 -0.7858876722553105 -0.11449560379873458 0.6018982266726802
1617105262025867462 -0.7647757573222034 -0.13362898443755358 0.5950209290825681
1617105262092609643 -0.7309738079216782 -0.1550617577418078 0.5861556787984127
1617105262159245252 -0.6888227980620031 -0.1685034635921734 0.5773862694100328
1617105262225967645 -0.6449395343566787 -0.16959909208195592 0.5697384465167499
1617105262292776107 -0.6061763676470053 -0.1610320030477285 0.5641597884913322
1617105262359284162 -0.559859280702757 -0.14085880309887674 0.5599747589713341
1617105262392553567 -0.5398044469713732 -0.12922130671535167 0.5594479375654365
1617105262459238767 -0.4931163527320179 -0.0958696879931921 0.5593449542315992
1617105262525994300 -0.45380976116949634 -0.06320934349348557 0.5622506838016127
1617105262559213161 -0.42796324889871495 -0.0395721270232841 0.5605217650003699
1617105262625920295 -0.38394664572392034 0.0037745785281297923 0.5516583371913883
1617105262692681550 -0.3477118290233522 0.041981574367082906 0.5392612935060002
1617105262792508840 -0.29072030950087546 0.10601928106266757 0.5099953776929345
1617105262892470359 -0.23890851322369827 0.168515801279656 0.4719606418220387
1617105262925858020 -0.21984446420437212 0.19251614358371205 0.4559901197744814
1617105263025905132 -0.17745484807646428 0.24816580327245102 0.4207526996971222
1617105263059309482 -0.16561367264505197 0.2639778242219962 0.4105341741329505
1617105263125862121 -0.14148506970889982 0.29875225068001365 0.3894550755606449
1617105263159168004 -0.13205645507479186 0.3121343225263518 0.38264986461667355
1617105263259207963 -0.10572197838253808 0.3522773913141715 0.3671133870973958
1617105263292635917 -0.09908347668150186 0.36294834629423756 0.36442513048431774
1617105263359306812 -0.08599678156173371 0.3857112307189998 0.36173292116547473
1617105263426017284 -0.07587999715061419 0.4055996436180166 0.36313948244670424
1617105263459518432 -0.07227741681059546 0.41329341505699513 0.36451789554278713
1617105263526016712 -0.06596542033374192 0.43004278564380505 0.3670851024975707
1617105263592534065 -0.06201753117551753 0.4427727643487968 0.36947372064525313
1617105263659290552 -0.059744420009892246 0.45620790373644443 0.37271078394952134
1617105263692600488 -0.05941825403981158 0.461451341913151 0.3745779713591432
1617105263759269714 -0.0604127309118397 0.47137804603136735 0.3826997607301963
1617105263825893878 -0.06401923592113315 0.47826017067404897 0.39307315110325936
1617105263892607450 -0.06911629983141011 0.4812062117765188 0.40293882243000195
1617105263926000595 -0.0736094349360712 0.4812800004035901 0.4099774155314027
1617105263992533445 -0.08249276298564345 0.47825003299195007 0.42063099923621516
1617105264059429168 -0.09530948502237034 0.46928372232322013 0.43379799067763475
1617105264092634677 -0.1018764002180845 0.4635955984528399 0.43954083236756597
1617105264159307479 -0.11873135054005361 0.44549601893656376 0.45326643203796446
1617105264225857734 -0.13861338222016636 0.4202557513111096 0.4682916058283734
1617105264259240627 -0.14766886229880877 0.40728512323011545 0.47433933178005105
1617105264325848102 -0.1701555651288584 0.3742973657280529 0.4832907994956072
1617105264392557144 -0.1904518772407202 0.3438447197568894 0.483333654755733
1617105264459228277 -0.21470252899419884 0.303780029307485 0.48068065581204367
1617105264492679357 -0.22562633138383817 0.2862166885168374 0.47723096011491245
1617105264559210777 -0.2500412045523777 0.24412968499075846 0.46494305907859895
1617105264625943183 -0.2734104977558838 0.20247418132527353 0.44627279043021517
1617105264692595005 -0.2921157205639915 0.16781754152069828 0.427142236497135
1617105264725951671 -0.300645645196133 0.15093091469415848 0.4175066383647638
1617105264792680978 -0.3183116094085906 0.11317477106683115 0.39482589158286463
1617105264859331369 -0.3317896908143608 0.07810421178926286 0.37176492891320845
1617105264925991535 -0.3405126694837218 0.050841740813956315 0.3530941570682482
1617105264992630243 -0.3457871587998697 0.021988614199089356 0.3366829887020901
1617105265025957584 -0.3472005083631217 0.007174330797357561 0.3300775536584872
1617105265092659950 -0.34745227231003367 -0.01259485529355841 0.3228750182236858
1617105265159455299 -0.3454404994882216 -0.03177651920279562 0.3187920818783707
1617105265226019859 -0.3408527328234647 -0.04628941696233692 0.31398926116786646
1617105265259249925 -0.33872165652785635 -0.05090488227424055 0.31110330944102016
1617105265325935602 -0.3323157939223669 -0.057405961323364424 0.3016058194491964
1617105265392657995 -0.3258895499173403 -0.05791512620416224 0.2931427465804995
1617105265459465503 -0.31782216798511 -0.052233647175318976 0.2844845218442552
1617105265525891065 -0.3092343877014665 -0.041468854226626904 0.27987445119645793
1617105265559288024 -0.3056619185228361 -0.035227923439421625 0.27755776374919244
1617105265625883817 -0.2972458744275556 -0.018140830464895886 0.2725118007321982
1617105265692968845 -0.29090662556856783 -0.0016332610578774047 0.2701958363909961
1617105265725978851 -0.2870793603711746 0.009812660143483403 0.2701985376297112
1617105265792676687 -0.2824585543697222 0.02720790071755021 0.2724525809575677
1617105266225872993 -0.28546982659960846 0.14449749689950336 0.29751425422800054
1617105266259221553 -0.28791812248866605 0.1515533445921701 0.2931760512408614
1617105266359255313 -0.29748188983339363 0.17399308305299357 0.27292896822716256
1617105266425945997 -0.3060772293215843 0.1889839254431908 0.2534957938588195
1617105266526103019 -0.31910993540620197 0.20657635478336647 0.2249447440911626
1617105266592615604 -0.33115769266745176 0.2182830213910886 0.20119538657660274
